,municipio,codEstacao,uf,nomeEstacao,latitude,longitude,datahora,valorMedida,Time,Date
0,SÃO PAULO,355030833A,SP,AC Central de SP,-46.635987,-23.543311,2019-01-01 00:50:00,0.0,00:50,2019-01-01
1,SÃO PAULO,355030833A,SP,AC Central de SP,-46.635987,-23.543311,2019-01-01 01:50:00,0.0,01:50,2019-01-01
2,SÃO PAULO,355030833A,SP,AC Central de SP,-46.635987,-23.543311,2019-01-01 02:50:00,0.0,02:50,2019-01-01
3,SÃO PAULO,355030833A,SP,AC Central de SP,-46.635987,-23.543311,2019-01-01 03:50:00,0.0,03:50,2019-01-01
4,SÃO PAULO,355030833A,SP,AC Central de SP,-46.635987,-23.543311,2019-01-01 04:50:00,0.0,04:50,2019-01-01
5,SÃO PAULO,355030833A,SP,AC Central de SP,-46.635987,-23.543311,2019-01-01 05:50:00,0.0,05:50,2019-01-01
6,SÃO PAULO,355030833A,SP,AC Central de SP,-46.635987,-23.543311,2019-01-01 06:50:00,0.0,06:50,2019-01-01
7,SÃO PAULO,355030833A,SP,AC Central de SP,-46.635987,-23.543311,2019-01-01 07:50:00,0.0,07:50,2019-01-01
8,SÃO PAULO,355030833A,SP,AC Central de SP,-46.635987,-23.543311,2019-01-01 08:50:00,0.0,08:50,2019-01-01
9,SÃO PAULO,355030833A,SP,AC Central de SP,-46.635987,-23.543311,2019-01-01 09:50:00,0.0,09:50,2019-01-01
10,SÃO PAULO,355030833A,SP,AC Central de SP,-46.635987,-23.543311,2019-01-01 10:50:00,0.0,10:50,2019-01-01
11,SÃO PAULO,355030833A,SP,AC Central de SP,-46.635987,-23.543311,2019-01-01 11:50:00,0.0,11:50,2019-01-01
12,SÃO PAULO,355030833A,SP,AC Central de SP,-46.635987,-23.543311,2019-01-01 12:50:00,0.0,12:50,2019-01-01
13,SÃO PAULO,355030833A,SP,AC Central de SP,-46.635987,-23.543311,2019-01-01 13:50:00,0.0,13:50,2019-01-01
14,SÃO PAULO,355030833A,SP,AC Central de SP,-46.635987,-23.543311,2019-01-01 14:50:00,0.0,14:50,2019-01-01
15,SÃO PAULO,355030833A,SP,AC Central de SP,-46.635987,-23.543311,2019-01-01 15:50:00,0.0,15:50,2019-01-01
16,SÃO PAULO,355030833A,SP,AC Central de SP,-46.635987,-23.543311,2019-01-01 16:50:00,0.0,16:50,2019-01-01
17,SÃO PAULO,355030833A,SP,AC Central de SP,-46.635987,-23.543311,2019-01-01 17:50:00,0.0,17:50,2019-01-01
18,SÃO PAULO,355030833A,SP,AC Central de SP,-46.635987,-23.543311,2019-01-01 18:50:00,0.0,18:50,2019-01-01
19,SÃO PAULO,355030833A,SP,AC Central de SP,-46.635987,-23.543311,2019-01-01 19:50:00,0.0,19:50,2019-01-01
20,SÃO PAULO,355030833A,SP,AC Central de SP,-46.635987,-23.543311,2019-01-01 20:30:00,0.2,20:30,2019-01-01
21,SÃO PAULO,355030833A,SP,AC Central de SP,-46.635987,-23.543311,2019-01-01 20:40:00,0.2,20:40,2019-01-01
22,SÃO PAULO,355030833A,SP,AC Central de SP,-46.635987,-23.543311,2019-01-01 20:50:00,0.2,20:50,2019-01-01
23,SÃO PAULO,355030833A,SP,AC Central de SP,-46.635987,-23.543311,2019-01-01 21:00:00,0.2,21:00,2019-01-01
24,SÃO PAULO,355030833A,SP,AC Central de SP,-46.635987,-23.543311,2019-01-01 21:10:00,0.2,21:10,2019-01-01
25,SÃO PAULO,355030833A,SP,AC Central de SP,-46.635987,-23.543311,2019-01-01 21:20:00,0.2,21:20,2019-01-01
26,SÃO PAULO,355030833A,SP,AC Central de SP,-46.635987,-23.543311,2019-01-01 21:30:00,0.2,21:30,2019-01-01
27,SÃO PAULO,355030833A,SP,AC Central de SP,-46.635987,-23.543311,2019-01-01 21:40:00,0.2,21:40,2019-01-01
28,SÃO PAULO,355030833A,SP,AC Central de SP,-46.635987,-23.543311,2019-01-01 21:50:00,0.2,21:50,2019-01-01
29,SÃO PAULO,355030833A,SP,AC Central de SP,-46.635987,-23.543311,2019-01-01 22:10:00,0.2,22:10,2019-01-01
30,SÃO PAULO,355030833A,SP,AC Central de SP,-46.635987,-23.543311,2019-01-01 22:20:00,0.2,22:20,2019-01-01
31,SÃO PAULO,355030833A,SP,AC Central de SP,-46.635987,-23.543311,2019-01-01 22:40:00,0.2,22:40,2019-01-01
32,SÃO PAULO,355030833A,SP,AC Central de SP,-46.635987,-23.543311,2019-01-01 22:50:00,0.0,22:50,2019-01-01
33,SÃO PAULO,355030833A,SP,AC Central de SP,-46.635987,-23.543311,2019-01-01 23:00:00,0.2,23:00,2019-01-01
34,SÃO PAULO,355030833A,SP,AC Central de SP,-46.635987,-23.543311,2019-01-01 23:20:00,0.2,23:20,2019-01-01
35,SÃO PAULO,355030833A,SP,AC Central de SP,-46.635987,-23.543311,2019-01-01 23:40:00,0.2,23:40,2019-01-01
36,SÃO PAULO,355030833A,SP,AC Central de SP,-46.635987,-23.543311,2019-01-01 23:50:00,0.0,23:50,2019-01-01
37,SÃO PAULO,355030833A,SP,AC Central de SP,-46.635987,-23.543311,2019-01-02 00:00:00,0.2,00:00,2019-01-02
38,SÃO PAULO,355030833A,SP,AC Central de SP,-46.635987,-23.543311,2019-01-02 00:30:00,0.2,00:30,2019-01-02
39,SÃO PAULO,355030833A,SP,AC Central de SP,-46.635987,-23.543311,2019-01-02 00:50:00,0.2,00:50,2019-01-02
40,SÃO PAULO,355030833A,SP,AC Central de SP,-46.635987,-23.543311,2019-01-02 01:20:00,0.2,01:20,2019-01-02
41,SÃO PAULO,355030833A,SP,AC Central de SP,-46.635987,-23.543311,2019-01-02 01:50:00,0.2,01:50,2019-01-02
42,SÃO PAULO,355030833A,SP,AC Central de SP,-46.635987,-23.543311,2019-01-02 02:20:00,0.2,02:20,2019-01-02
43,SÃO PAULO,355030833A,SP,AC Central de SP,-46.635987,-23.543311,2019-01-02 02:50:00,0.0,02:50,2019-01-02
44,SÃO PAULO,355030833A,SP,AC Central de SP,-46.635987,-23.543311,2019-01-02 03:00:00,0.2,03:00,2019-01-02
45,SÃO PAULO,355030833A,SP,AC Central de SP,-46.635987,-23.543311,2019-01-02 03:40:00,0.2,03:40,2019-01-02
46,SÃO PAULO,355030833A,SP,AC Central de SP,-46.635987,-23.543311,2019-01-02 03:50:00,0.0,03:50,2019-01-02
47,SÃO PAULO,355030833A,SP,AC Central de SP,-46.635987,-23.543311,2019-01-02 04:20:00,0.2,04:20,2019-01-02
48,SÃO PAULO,355030833A,SP,AC Central de SP,-46.635987,-23.543311,2019-01-02 04:50:00,0.0,04:50,2019-01-02
49,SÃO PAULO,355030833A,SP,AC Central de SP,-46.635987,-23.543311,2019-01-02 05:10:00,0.2,05:10,2019-01-02
50,SÃO PAULO,355030833A,SP,AC Central de SP,-46.635987,-23.543311,2019-01-02 05:50:00,0.0,05:50,2019-01-02
51,SÃO PAULO,355030833A,SP,AC Central de SP,-46.635987,-23.543311,2019-01-02 06:00:00,0.2,06:00,2019-01-02
52,SÃO PAULO,355030833A,SP,AC Central de SP,-46.635987,-23.543311,2019-01-02 06:50:00,0.2,06:50,2019-01-02
53,SÃO PAULO,355030833A,SP,AC Central de SP,-46.635987,-23.543311,2019-01-02 07:50:00,0.2,07:50,2019-01-02
54,SÃO PAULO,355030833A,SP,AC Central de SP,-46.635987,-23.543311,2019-01-02 08:50:00,0.2,08:50,2019-01-02
55,SÃO PAULO,355030833A,SP,AC Central de SP,-46.635987,-23.543311,2019-01-02 09:50:00,0.2,09:50,2019-01-02
56,SÃO PAULO,355030833A,SP,AC Central de SP,-46.635987,-23.543311,2019-01-02 10:50:00,0.2,10:50,2019-01-02
57,SÃO PAULO,355030833A,SP,AC Central de SP,-46.635987,-23.543311,2019-01-02 11:50:00,0.0,11:50,2019-01-02
58,SÃO PAULO,355030833A,SP,AC Central de SP,-46.635987,-23.543311,2019-01-02 12:10:00,0.2,12:10,2019-01-02
59,SÃO PAULO,355030833A,SP,AC Central de SP,-46.635987,-23.543311,2019-01-02 12:50:00,0.0,12:50,2019-01-02
60,SÃO PAULO,355030833A,SP,AC Central de SP,-46.635987,-23.543311,2019-01-02 13:10:00,0.2,13:10,2019-01-02
61,SÃO PAULO,355030833A,SP,AC Central de SP,-46.635987,-23.543311,2019-01-02 13:50:00,0.0,13:50,2019-01-02
62,SÃO PAULO,355030833A,SP,AC Central de SP,-46.635987,-23.543311,2019-01-02 14:40:00,0.2,14:40,2019-01-02
63,SÃO PAULO,355030833A,SP,AC Central de SP,-46.635987,-23.543311,2019-01-02 14:50:00,0.0,14:50,2019-01-02
64,SÃO PAULO,355030833A,SP,AC Central de SP,-46.635987,-23.543311,2019-01-02 15:50:00,0.0,15:50,2019-01-02
65,SÃO PAULO,355030833A,SP,AC Central de SP,-46.635987,-23.543311,2019-01-02 16:10:00,0.2,16:10,2019-01-02
66,SÃO PAULO,355030833A,SP,AC Central de SP,-46.635987,-23.543311,2019-01-02 16:50:00,0.0,16:50,2019-01-02
67,SÃO PAULO,355030833A,SP,AC Central de SP,-46.635987,-23.543311,2019-01-02 17:50:00,0.2,17:50,2019-01-02
68,SÃO PAULO,355030833A,SP,AC Central de SP,-46.635987,-23.543311,2019-01-02 18:50:00,0.0,18:50,2019-01-02
69,SÃO PAULO,355030833A,SP,AC Central de SP,-46.635987,-23.543311,2019-01-02 19:30:00,0.2,19:30,2019-01-02
70,SÃO PAULO,355030833A,SP,AC Central de SP,-46.635987,-23.543311,2019-01-02 19:50:00,0.0,19:50,2019-01-02
71,SÃO PAULO,355030833A,SP,AC Central de SP,-46.635987,-23.543311,2019-01-02 20:50:00,0.0,20:50,2019-01-02
72,SÃO PAULO,355030833A,SP,AC Central de SP,-46.635987,-23.543311,2019-01-02 21:10:00,0.2,21:10,2019-01-02
73,SÃO PAULO,355030833A,SP,AC Central de SP,-46.635987,-23.543311,2019-01-02 21:50:00,0.0,21:50,2019-01-02
74,SÃO PAULO,355030833A,SP,AC Central de SP,-46.635987,-23.543311,2019-01-02 22:40:00,0.2,22:40,2019-01-02
75,SÃO PAULO,355030833A,SP,AC Central de SP,-46.635987,-23.543311,2019-01-02 22:50:00,0.0,22:50,2019-01-02
76,SÃO PAULO,355030833A,SP,AC Central de SP,-46.635987,-23.543311,2019-01-02 23:50:00,0.0,23:50,2019-01-02
77,SÃO PAULO,355030833A,SP,AC Central de SP,-46.635987,-23.543311,2019-01-03 00:10:00,0.2,00:10,2019-01-03
78,SÃO PAULO,355030833A,SP,AC Central de SP,-46.635987,-23.543311,2019-01-03 00:50:00,0.0,00:50,2019-01-03
79,SÃO PAULO,355030833A,SP,AC Central de SP,-46.635987,-23.543311,2019-01-03 01:30:00,0.2,01:30,2019-01-03
80,SÃO PAULO,355030833A,SP,AC Central de SP,-46.635987,-23.543311,2019-01-03 02:50:00,0.0,02:50,2019-01-03
81,SÃO PAULO,355030833A,SP,AC Central de SP,-46.635987,-23.543311,2019-01-03 03:10:00,0.2,03:10,2019-01-03
82,SÃO PAULO,355030833A,SP,AC Central de SP,-46.635987,-23.543311,2019-01-03 03:50:00,0.0,03:50,2019-01-03
83,SÃO PAULO,355030833A,SP,AC Central de SP,-46.635987,-23.543311,2019-01-03 04:50:00,0.2,04:50,2019-01-03
84,SÃO PAULO,355030833A,SP,AC Central de SP,-46.635987,-23.543311,2019-01-03 05:50:00,0.0,05:50,2019-01-03
85,SÃO PAULO,355030833A,SP,AC Central de SP,-46.635987,-23.543311,2019-01-03 06:30:00,0.2,06:30,2019-01-03
86,SÃO PAULO,355030833A,SP,AC Central de SP,-46.635987,-23.543311,2019-01-03 06:50:00,0.0,06:50,2019-01-03
87,SÃO PAULO,355030833A,SP,AC Central de SP,-46.635987,-23.543311,2019-01-03 07:50:00,0.0,07:50,2019-01-03
88,SÃO PAULO,355030833A,SP,AC Central de SP,-46.635987,-23.543311,2019-01-03 08:10:00,0.2,08:10,2019-01-03
89,SÃO PAULO,355030833A,SP,AC Central de SP,-46.635987,-23.543311,2019-01-03 08:50:00,0.0,08:50,2019-01-03
90,SÃO PAULO,355030833A,SP,AC Central de SP,-46.635987,-23.543311,2019-01-03 09:50:00,0.2,09:50,2019-01-03
91,SÃO PAULO,355030833A,SP,AC Central de SP,-46.635987,-23.543311,2019-01-03 10:50:00,0.0,10:50,2019-01-03
92,SÃO PAULO,355030833A,SP,AC Central de SP,-46.635987,-23.543311,2019-01-03 11:30:00,0.2,11:30,2019-01-03
93,SÃO PAULO,355030833A,SP,AC Central de SP,-46.635987,-23.543311,2019-01-03 11:50:00,0.0,11:50,2019-01-03
94,SÃO PAULO,355030833A,SP,AC Central de SP,-46.635987,-23.543311,2019-01-03 12:50:00,0.0,12:50,2019-01-03
95,SÃO PAULO,355030833A,SP,AC Central de SP,-46.635987,-23.543311,2019-01-03 13:20:00,0.2,13:20,2019-01-03
96,SÃO PAULO,355030833A,SP,AC Central de SP,-46.635987,-23.543311,2019-01-03 13:50:00,0.0,13:50,2019-01-03
97,SÃO PAULO,355030833A,SP,AC Central de SP,-46.635987,-23.543311,2019-01-03 14:50:00,0.0,14:50,2019-01-03
98,SÃO PAULO,355030833A,SP,AC Central de SP,-46.635987,-23.543311,2019-01-03 15:20:00,0.2,15:20,2019-01-03
99,SÃO PAULO,355030833A,SP,AC Central de SP,-46.635987,-23.543311,2019-01-03 15:50:00,0.0,15:50,2019-01-03
100,SÃO PAULO,355030833A,SP,AC Central de SP,-46.635987,-23.543311,2019-01-03 16:50:00,0.0,16:50,2019-01-03
101,SÃO PAULO,355030833A,SP,AC Central de SP,-46.635987,-23.543311,2019-01-03 17:30:00,0.2,17:30,2019-01-03
102,SÃO PAULO,355030833A,SP,AC Central de SP,-46.635987,-23.543311,2019-01-03 17:50:00,0.0,17:50,2019-01-03
103,SÃO PAULO,355030833A,SP,AC Central de SP,-46.635987,-23.543311,2019-01-03 18:50:00,0.0,18:50,2019-01-03
104,SÃO PAULO,355030833A,SP,AC Central de SP,-46.635987,-23.543311,2019-01-03 19:50:00,0.0,19:50,2019-01-03
105,SÃO PAULO,355030833A,SP,AC Central de SP,-46.635987,-23.543311,2019-01-03 20:00:00,0.2,20:00,2019-01-03
106,SÃO PAULO,355030833A,SP,AC Central de SP,-46.635987,-23.543311,2019-01-03 20:50:00,0.0,20:50,2019-01-03
107,SÃO PAULO,355030833A,SP,AC Central de SP,-46.635987,-23.543311,2019-01-03 21:20:00,0.2,21:20,2019-01-03
108,SÃO PAULO,355030833A,SP,AC Central de SP,-46.635987,-23.543311,2019-01-03 21:50:00,0.0,21:50,2019-01-03
109,SÃO PAULO,355030833A,SP,AC Central de SP,-46.635987,-23.543311,2019-01-03 22:50:00,0.2,22:50,2019-01-03
110,SÃO PAULO,355030833A,SP,AC Central de SP,-46.635987,-23.543311,2019-01-03 23:00:00,0.0,23:00,2019-01-03
111,SÃO PAULO,355030833A,SP,AC Central de SP,-46.635987,-23.543311,2019-01-03 23:50:00,0.0,23:50,2019-01-03
112,SÃO PAULO,355030833A,SP,AC Central de SP,-46.635987,-23.543311,2019-01-04 00:00:00,0.2,00:00,2019-01-04
113,SÃO PAULO,355030833A,SP,AC Central de SP,-46.635987,-23.543311,2019-01-04 00:50:00,0.0,00:50,2019-01-04
114,SÃO PAULO,355030833A,SP,AC Central de SP,-46.635987,-23.543311,2019-01-04 01:20:00,0.2,01:20,2019-01-04
115,SÃO PAULO,355030833A,SP,AC Central de SP,-46.635987,-23.543311,2019-01-04 01:50:00,0.0,01:50,2019-01-04
116,SÃO PAULO,355030833A,SP,AC Central de SP,-46.635987,-23.543311,2019-01-04 02:40:00,0.2,02:40,2019-01-04
117,SÃO PAULO,355030833A,SP,AC Central de SP,-46.635987,-23.543311,2019-01-04 02:50:00,0.0,02:50,2019-01-04
118,SÃO PAULO,355030833A,SP,AC Central de SP,-46.635987,-23.543311,2019-01-04 03:50:00,0.0,03:50,2019-01-04
119,SÃO PAULO,355030833A,SP,AC Central de SP,-46.635987,-23.543311,2019-01-04 04:00:00,0.2,04:00,2019-01-04
120,SÃO PAULO,355030833A,SP,AC Central de SP,-46.635987,-23.543311,2019-01-04 04:50:00,0.0,04:50,2019-01-04
121,SÃO PAULO,355030833A,SP,AC Central de SP,-46.635987,-23.543311,2019-01-04 05:20:00,0.2,05:20,2019-01-04
122,SÃO PAULO,355030833A,SP,AC Central de SP,-46.635987,-23.543311,2019-01-04 05:50:00,0.0,05:50,2019-01-04
123,SÃO PAULO,355030833A,SP,AC Central de SP,-46.635987,-23.543311,2019-01-04 06:40:00,0.2,06:40,2019-01-04
124,SÃO PAULO,355030833A,SP,AC Central de SP,-46.635987,-23.543311,2019-01-04 06:50:00,0.0,06:50,2019-01-04
125,SÃO PAULO,355030833A,SP,AC Central de SP,-46.635987,-23.543311,2019-01-04 07:40:00,0.2,07:40,2019-01-04
126,SÃO PAULO,355030833A,SP,AC Central de SP,-46.635987,-23.543311,2019-01-04 07:50:00,0.0,07:50,2019-01-04
127,SÃO PAULO,355030833A,SP,AC Central de SP,-46.635987,-23.543311,2019-01-04 08:40:00,0.2,08:40,2019-01-04
128,SÃO PAULO,355030833A,SP,AC Central de SP,-46.635987,-23.543311,2019-01-04 08:50:00,0.0,08:50,2019-01-04
129,SÃO PAULO,355030833A,SP,AC Central de SP,-46.635987,-23.543311,2019-01-04 09:50:00,0.0,09:50,2019-01-04
130,SÃO PAULO,355030833A,SP,AC Central de SP,-46.635987,-23.543311,2019-01-04 10:10:00,0.2,10:10,2019-01-04
131,SÃO PAULO,355030833A,SP,AC Central de SP,-46.635987,-23.543311,2019-01-04 10:50:00,0.0,10:50,2019-01-04
132,SÃO PAULO,355030833A,SP,AC Central de SP,-46.635987,-23.543311,2019-01-04 11:20:00,0.2,11:20,2019-01-04
133,SÃO PAULO,355030833A,SP,AC Central de SP,-46.635987,-23.543311,2019-01-04 11:50:00,0.0,11:50,2019-01-04
134,SÃO PAULO,355030833A,SP,AC Central de SP,-46.635987,-23.543311,2019-01-04 12:40:00,0.2,12:40,2019-01-04
135,SÃO PAULO,355030833A,SP,AC Central de SP,-46.635987,-23.543311,2019-01-04 12:50:00,0.0,12:50,2019-01-04
136,SÃO PAULO,355030833A,SP,AC Central de SP,-46.635987,-23.543311,2019-01-04 13:40:00,0.2,13:40,2019-01-04
137,SÃO PAULO,355030833A,SP,AC Central de SP,-46.635987,-23.543311,2019-01-04 13:50:00,0.0,13:50,2019-01-04
138,SÃO PAULO,355030833A,SP,AC Central de SP,-46.635987,-23.543311,2019-01-04 14:40:00,0.2,14:40,2019-01-04
139,SÃO PAULO,355030833A,SP,AC Central de SP,-46.635987,-23.543311,2019-01-04 14:50:00,0.0,14:50,2019-01-04
140,SÃO PAULO,355030833A,SP,AC Central de SP,-46.635987,-23.543311,2019-01-04 15:50:00,0.2,15:50,2019-01-04
141,SÃO PAULO,355030833A,SP,AC Central de SP,-46.635987,-23.543311,2019-01-04 16:50:00,0.0,16:50,2019-01-04
142,SÃO PAULO,355030833A,SP,AC Central de SP,-46.635987,-23.543311,2019-01-04 17:10:00,0.2,17:10,2019-01-04
143,SÃO PAULO,355030833A,SP,AC Central de SP,-46.635987,-23.543311,2019-01-04 18:30:00,0.2,18:30,2019-01-04
144,SÃO PAULO,355030833A,SP,AC Central de SP,-46.635987,-23.543311,2019-01-04 18:50:00,0.0,18:50,2019-01-04
145,SÃO PAULO,355030833A,SP,AC Central de SP,-46.635987,-23.543311,2019-01-04 19:40:00,0.2,19:40,2019-01-04
146,SÃO PAULO,355030833A,SP,AC Central de SP,-46.635987,-23.543311,2019-01-04 19:50:00,0.0,19:50,2019-01-04
147,SÃO PAULO,355030833A,SP,AC Central de SP,-46.635987,-23.543311,2019-01-04 20:50:00,0.0,20:50,2019-01-04
148,SÃO PAULO,355030833A,SP,AC Central de SP,-46.635987,-23.543311,2019-01-04 21:00:00,0.2,21:00,2019-01-04
149,SÃO PAULO,355030833A,SP,AC Central de SP,-46.635987,-23.543311,2019-01-04 21:50:00,0.0,21:50,2019-01-04
150,SÃO PAULO,355030833A,SP,AC Central de SP,-46.635987,-23.543311,2019-01-04 22:10:00,0.2,22:10,2019-01-04
151,SÃO PAULO,355030833A,SP,AC Central de SP,-46.635987,-23.543311,2019-01-04 22:50:00,0.0,22:50,2019-01-04
152,SÃO PAULO,355030833A,SP,AC Central de SP,-46.635987,-23.543311,2019-01-04 23:30:00,0.2,23:30,2019-01-04
153,SÃO PAULO,355030833A,SP,AC Central de SP,-46.635987,-23.543311,2019-01-04 23:50:00,0.0,23:50,2019-01-04
154,SÃO PAULO,355030833A,SP,AC Central de SP,-46.635987,-23.543311,2019-01-05 00:50:00,0.2,00:50,2019-01-05
155,SÃO PAULO,355030833A,SP,AC Central de SP,-46.635987,-23.543311,2019-01-05 01:50:00,0.0,01:50,2019-01-05
156,SÃO PAULO,355030833A,SP,AC Central de SP,-46.635987,-23.543311,2019-01-05 02:10:00,0.2,02:10,2019-01-05
157,SÃO PAULO,355030833A,SP,AC Central de SP,-46.635987,-23.543311,2019-01-05 02:50:00,0.0,02:50,2019-01-05
158,SÃO PAULO,355030833A,SP,AC Central de SP,-46.635987,-23.543311,2019-01-05 03:30:00,0.2,03:30,2019-01-05
159,SÃO PAULO,355030833A,SP,AC Central de SP,-46.635987,-23.543311,2019-01-05 03:50:00,0.0,03:50,2019-01-05
160,SÃO PAULO,355030833A,SP,AC Central de SP,-46.635987,-23.543311,2019-01-05 04:50:00,0.2,04:50,2019-01-05
161,SÃO PAULO,355030833A,SP,AC Central de SP,-46.635987,-23.543311,2019-01-05 05:50:00,0.0,05:50,2019-01-05
162,SÃO PAULO,355030833A,SP,AC Central de SP,-46.635987,-23.543311,2019-01-05 06:10:00,0.2,06:10,2019-01-05
163,SÃO PAULO,355030833A,SP,AC Central de SP,-46.635987,-23.543311,2019-01-05 06:50:00,0.0,06:50,2019-01-05
164,SÃO PAULO,355030833A,SP,AC Central de SP,-46.635987,-23.543311,2019-01-05 07:30:00,0.2,07:30,2019-01-05
165,SÃO PAULO,355030833A,SP,AC Central de SP,-46.635987,-23.543311,2019-01-05 07:50:00,0.0,07:50,2019-01-05
166,SÃO PAULO,355030833A,SP,AC Central de SP,-46.635987,-23.543311,2019-01-05 08:50:00,0.2,08:50,2019-01-05
167,SÃO PAULO,355030833A,SP,AC Central de SP,-46.635987,-23.543311,2019-01-05 09:50:00,0.0,09:50,2019-01-05
168,SÃO PAULO,355030833A,SP,AC Central de SP,-46.635987,-23.543311,2019-01-05 10:10:00,0.2,10:10,2019-01-05
169,SÃO PAULO,355030833A,SP,AC Central de SP,-46.635987,-23.543311,2019-01-05 10:50:00,0.0,10:50,2019-01-05
170,SÃO PAULO,355030833A,SP,AC Central de SP,-46.635987,-23.543311,2019-01-05 11:30:00,0.2,11:30,2019-01-05
171,SÃO PAULO,355030833A,SP,AC Central de SP,-46.635987,-23.543311,2019-01-05 11:50:00,0.0,11:50,2019-01-05
172,SÃO PAULO,355030833A,SP,AC Central de SP,-46.635987,-23.543311,2019-01-05 12:50:00,0.2,12:50,2019-01-05
173,SÃO PAULO,355030833A,SP,AC Central de SP,-46.635987,-23.543311,2019-01-05 13:50:00,0.0,13:50,2019-01-05
174,SÃO PAULO,355030833A,SP,AC Central de SP,-46.635987,-23.543311,2019-01-05 14:10:00,0.2,14:10,2019-01-05
175,SÃO PAULO,355030833A,SP,AC Central de SP,-46.635987,-23.543311,2019-01-05 14:50:00,0.0,14:50,2019-01-05
176,SÃO PAULO,355030833A,SP,AC Central de SP,-46.635987,-23.543311,2019-01-05 15:10:00,0.2,15:10,2019-01-05
177,SÃO PAULO,355030833A,SP,AC Central de SP,-46.635987,-23.543311,2019-01-05 15:50:00,0.0,15:50,2019-01-05
178,SÃO PAULO,355030833A,SP,AC Central de SP,-46.635987,-23.543311,2019-01-05 16:20:00,0.2,16:20,2019-01-05
179,SÃO PAULO,355030833A,SP,AC Central de SP,-46.635987,-23.543311,2019-01-05 16:50:00,0.0,16:50,2019-01-05
180,SÃO PAULO,355030833A,SP,AC Central de SP,-46.635987,-23.543311,2019-01-05 17:20:00,0.2,17:20,2019-01-05
181,SÃO PAULO,355030833A,SP,AC Central de SP,-46.635987,-23.543311,2019-01-05 17:50:00,0.0,17:50,2019-01-05
182,SÃO PAULO,355030833A,SP,AC Central de SP,-46.635987,-23.543311,2019-01-05 18:30:00,0.2,18:30,2019-01-05
183,SÃO PAULO,355030833A,SP,AC Central de SP,-46.635987,-23.543311,2019-01-05 18:50:00,0.0,18:50,2019-01-05
184,SÃO PAULO,355030833A,SP,AC Central de SP,-46.635987,-23.543311,2019-01-05 19:30:00,0.2,19:30,2019-01-05
185,SÃO PAULO,355030833A,SP,AC Central de SP,-46.635987,-23.543311,2019-01-05 19:50:00,0.0,19:50,2019-01-05
186,SÃO PAULO,355030833A,SP,AC Central de SP,-46.635987,-23.543311,2019-01-05 20:40:00,0.2,20:40,2019-01-05
187,SÃO PAULO,355030833A,SP,AC Central de SP,-46.635987,-23.543311,2019-01-05 20:50:00,0.0,20:50,2019-01-05
188,SÃO PAULO,355030833A,SP,AC Central de SP,-46.635987,-23.543311,2019-01-05 21:40:00,0.2,21:40,2019-01-05
189,SÃO PAULO,355030833A,SP,AC Central de SP,-46.635987,-23.543311,2019-01-05 21:50:00,0.0,21:50,2019-01-05
190,SÃO PAULO,355030833A,SP,AC Central de SP,-46.635987,-23.543311,2019-01-05 22:50:00,0.2,22:50,2019-01-05
191,SÃO PAULO,355030833A,SP,AC Central de SP,-46.635987,-23.543311,2019-01-05 23:50:00,0.0,23:50,2019-01-05
192,SÃO PAULO,355030833A,SP,AC Central de SP,-46.635987,-23.543311,2019-01-06 00:10:00,0.2,00:10,2019-01-06
193,SÃO PAULO,355030833A,SP,AC Central de SP,-46.635987,-23.543311,2019-01-06 00:50:00,0.0,00:50,2019-01-06
194,SÃO PAULO,355030833A,SP,AC Central de SP,-46.635987,-23.543311,2019-01-06 01:20:00,0.2,01:20,2019-01-06
195,SÃO PAULO,355030833A,SP,AC Central de SP,-46.635987,-23.543311,2019-01-06 01:50:00,0.0,01:50,2019-01-06
196,SÃO PAULO,355030833A,SP,AC Central de SP,-46.635987,-23.543311,2019-01-06 02:30:00,0.2,02:30,2019-01-06
197,SÃO PAULO,355030833A,SP,AC Central de SP,-46.635987,-23.543311,2019-01-06 02:50:00,0.0,02:50,2019-01-06
198,SÃO PAULO,355030833A,SP,AC Central de SP,-46.635987,-23.543311,2019-01-06 03:40:00,0.2,03:40,2019-01-06
199,SÃO PAULO,355030833A,SP,AC Central de SP,-46.635987,-23.543311,2019-01-06 03:50:00,0.0,03:50,2019-01-06
200,SÃO PAULO,355030833A,SP,AC Central de SP,-46.635987,-23.543311,2019-01-06 04:40:00,0.2,04:40,2019-01-06
201,SÃO PAULO,355030833A,SP,AC Central de SP,-46.635987,-23.543311,2019-01-06 04:50:00,0.0,04:50,2019-01-06
202,SÃO PAULO,355030833A,SP,AC Central de SP,-46.635987,-23.543311,2019-01-06 05:50:00,0.2,05:50,2019-01-06
203,SÃO PAULO,355030833A,SP,AC Central de SP,-46.635987,-23.543311,2019-01-06 06:50:00,0.2,06:50,2019-01-06
204,SÃO PAULO,355030833A,SP,AC Central de SP,-46.635987,-23.543311,2019-01-06 07:50:00,0.2,07:50,2019-01-06
205,SÃO PAULO,355030833A,SP,AC Central de SP,-46.635987,-23.543311,2019-01-06 08:50:00,0.2,08:50,2019-01-06
206,SÃO PAULO,355030833A,SP,AC Central de SP,-46.635987,-23.543311,2019-01-06 09:50:00,0.2,09:50,2019-01-06
207,SÃO PAULO,355030833A,SP,AC Central de SP,-46.635987,-23.543311,2019-01-06 10:50:00,0.2,10:50,2019-01-06
208,SÃO PAULO,355030833A,SP,AC Central de SP,-46.635987,-23.543311,2019-01-06 11:40:00,0.2,11:40,2019-01-06
209,SÃO PAULO,355030833A,SP,AC Central de SP,-46.635987,-23.543311,2019-01-06 11:50:00,0.0,11:50,2019-01-06
210,SÃO PAULO,355030833A,SP,AC Central de SP,-46.635987,-23.543311,2019-01-06 12:40:00,0.2,12:40,2019-01-06
211,SÃO PAULO,355030833A,SP,AC Central de SP,-46.635987,-23.543311,2019-01-06 12:50:00,0.0,12:50,2019-01-06
212,SÃO PAULO,355030833A,SP,AC Central de SP,-46.635987,-23.543311,2019-01-06 13:30:00,0.2,13:30,2019-01-06
213,SÃO PAULO,355030833A,SP,AC Central de SP,-46.635987,-23.543311,2019-01-06 13:50:00,0.0,13:50,2019-01-06
214,SÃO PAULO,355030833A,SP,AC Central de SP,-46.635987,-23.543311,2019-01-06 14:10:00,0.2,14:10,2019-01-06
215,SÃO PAULO,355030833A,SP,AC Central de SP,-46.635987,-23.543311,2019-01-06 14:50:00,0.0,14:50,2019-01-06
216,SÃO PAULO,355030833A,SP,AC Central de SP,-46.635987,-23.543311,2019-01-06 15:10:00,0.2,15:10,2019-01-06
217,SÃO PAULO,355030833A,SP,AC Central de SP,-46.635987,-23.543311,2019-01-06 15:50:00,0.0,15:50,2019-01-06
218,SÃO PAULO,355030833A,SP,AC Central de SP,-46.635987,-23.543311,2019-01-06 16:00:00,0.2,16:00,2019-01-06
219,SÃO PAULO,355030833A,SP,AC Central de SP,-46.635987,-23.543311,2019-01-06 16:50:00,0.0,16:50,2019-01-06
220,SÃO PAULO,355030833A,SP,AC Central de SP,-46.635987,-23.543311,2019-01-06 17:00:00,0.2,17:00,2019-01-06
221,SÃO PAULO,355030833A,SP,AC Central de SP,-46.635987,-23.543311,2019-01-06 17:50:00,0.0,17:50,2019-01-06
222,SÃO PAULO,355030833A,SP,AC Central de SP,-46.635987,-23.543311,2019-01-06 18:00:00,0.2,18:00,2019-01-06
223,SÃO PAULO,355030833A,SP,AC Central de SP,-46.635987,-23.543311,2019-01-06 18:40:00,0.2,18:40,2019-01-06
224,SÃO PAULO,355030833A,SP,AC Central de SP,-46.635987,-23.543311,2019-01-06 19:10:00,0.2,19:10,2019-01-06
225,SÃO PAULO,355030833A,SP,AC Central de SP,-46.635987,-23.543311,2019-01-06 19:40:00,0.2,19:40,2019-01-06
226,SÃO PAULO,355030833A,SP,AC Central de SP,-46.635987,-23.543311,2019-01-06 19:50:00,0.0,19:50,2019-01-06
227,SÃO PAULO,355030833A,SP,AC Central de SP,-46.635987,-23.543311,2019-01-06 20:10:00,0.2,20:10,2019-01-06
228,SÃO PAULO,355030833A,SP,AC Central de SP,-46.635987,-23.543311,2019-01-06 20:30:00,0.2,20:30,2019-01-06
229,SÃO PAULO,355030833A,SP,AC Central de SP,-46.635987,-23.543311,2019-01-06 21:00:00,0.2,21:00,2019-01-06
230,SÃO PAULO,355030833A,SP,AC Central de SP,-46.635987,-23.543311,2019-01-06 21:20:00,0.2,21:20,2019-01-06
231,SÃO PAULO,355030833A,SP,AC Central de SP,-46.635987,-23.543311,2019-01-06 21:50:00,0.2,21:50,2019-01-06
232,SÃO PAULO,355030833A,SP,AC Central de SP,-46.635987,-23.543311,2019-01-06 22:40:00,0.2,22:40,2019-01-06
233,SÃO PAULO,355030833A,SP,AC Central de SP,-46.635987,-23.543311,2019-01-06 22:50:00,0.0,22:50,2019-01-06
234,SÃO PAULO,355030833A,SP,AC Central de SP,-46.635987,-23.543311,2019-01-06 23:40:00,0.2,23:40,2019-01-06
235,SÃO PAULO,355030833A,SP,AC Central de SP,-46.635987,-23.543311,2019-01-06 23:50:00,0.0,23:50,2019-01-06
236,SÃO PAULO,355030833A,SP,AC Central de SP,-46.635987,-23.543311,2019-01-07 00:50:00,0.2,00:50,2019-01-07
237,SÃO PAULO,355030833A,SP,AC Central de SP,-46.635987,-23.543311,2019-01-07 01:50:00,0.2,01:50,2019-01-07
238,SÃO PAULO,355030833A,SP,AC Central de SP,-46.635987,-23.543311,2019-01-07 02:50:00,0.2,02:50,2019-01-07
239,SÃO PAULO,355030833A,SP,AC Central de SP,-46.635987,-23.543311,2019-01-07 03:50:00,0.2,03:50,2019-01-07
240,SÃO PAULO,355030833A,SP,AC Central de SP,-46.635987,-23.543311,2019-01-07 04:40:00,0.2,04:40,2019-01-07
241,SÃO PAULO,355030833A,SP,AC Central de SP,-46.635987,-23.543311,2019-01-07 04:50:00,0.0,04:50,2019-01-07
242,SÃO PAULO,355030833A,SP,AC Central de SP,-46.635987,-23.543311,2019-01-07 05:30:00,0.2,05:30,2019-01-07
243,SÃO PAULO,355030833A,SP,AC Central de SP,-46.635987,-23.543311,2019-01-07 05:50:00,0.0,05:50,2019-01-07
244,SÃO PAULO,355030833A,SP,AC Central de SP,-46.635987,-23.543311,2019-01-07 06:10:00,0.2,06:10,2019-01-07
245,SÃO PAULO,355030833A,SP,AC Central de SP,-46.635987,-23.543311,2019-01-07 06:50:00,0.0,06:50,2019-01-07
246,SÃO PAULO,355030833A,SP,AC Central de SP,-46.635987,-23.543311,2019-01-07 07:00:00,0.2,07:00,2019-01-07
247,SÃO PAULO,355030833A,SP,AC Central de SP,-46.635987,-23.543311,2019-01-07 07:40:00,0.2,07:40,2019-01-07
248,SÃO PAULO,355030833A,SP,AC Central de SP,-46.635987,-23.543311,2019-01-07 07:50:00,0.0,07:50,2019-01-07
249,SÃO PAULO,355030833A,SP,AC Central de SP,-46.635987,-23.543311,2019-01-07 08:30:00,0.2,08:30,2019-01-07
250,SÃO PAULO,355030833A,SP,AC Central de SP,-46.635987,-23.543311,2019-01-07 08:50:00,0.0,08:50,2019-01-07
251,SÃO PAULO,355030833A,SP,AC Central de SP,-46.635987,-23.543311,2019-01-07 09:20:00,0.2,09:20,2019-01-07
252,SÃO PAULO,355030833A,SP,AC Central de SP,-46.635987,-23.543311,2019-01-07 09:50:00,0.0,09:50,2019-01-07
253,SÃO PAULO,355030833A,SP,AC Central de SP,-46.635987,-23.543311,2019-01-07 10:00:00,0.2,10:00,2019-01-07
254,SÃO PAULO,355030833A,SP,AC Central de SP,-46.635987,-23.543311,2019-01-07 10:40:00,0.2,10:40,2019-01-07
255,SÃO PAULO,355030833A,SP,AC Central de SP,-46.635987,-23.543311,2019-01-07 10:50:00,0.0,10:50,2019-01-07
256,SÃO PAULO,355030833A,SP,AC Central de SP,-46.635987,-23.543311,2019-01-07 11:20:00,0.2,11:20,2019-01-07
257,SÃO PAULO,355030833A,SP,AC Central de SP,-46.635987,-23.543311,2019-01-07 11:50:00,0.0,11:50,2019-01-07
258,SÃO PAULO,355030833A,SP,AC Central de SP,-46.635987,-23.543311,2019-01-07 12:00:00,0.2,12:00,2019-01-07
259,SÃO PAULO,355030833A,SP,AC Central de SP,-46.635987,-23.543311,2019-01-07 12:40:00,0.2,12:40,2019-01-07
260,SÃO PAULO,355030833A,SP,AC Central de SP,-46.635987,-23.543311,2019-01-07 12:50:00,0.0,12:50,2019-01-07
261,SÃO PAULO,355030833A,SP,AC Central de SP,-46.635987,-23.543311,2019-01-07 13:20:00,0.2,13:20,2019-01-07
262,SÃO PAULO,355030833A,SP,AC Central de SP,-46.635987,-23.543311,2019-01-07 13:50:00,0.2,13:50,2019-01-07
263,SÃO PAULO,355030833A,SP,AC Central de SP,-46.635987,-23.543311,2019-01-07 14:30:00,0.2,14:30,2019-01-07
264,SÃO PAULO,355030833A,SP,AC Central de SP,-46.635987,-23.543311,2019-01-07 14:50:00,0.0,14:50,2019-01-07
265,SÃO PAULO,355030833A,SP,AC Central de SP,-46.635987,-23.543311,2019-01-07 15:00:00,0.2,15:00,2019-01-07
266,SÃO PAULO,355030833A,SP,AC Central de SP,-46.635987,-23.543311,2019-01-07 15:40:00,0.2,15:40,2019-01-07
267,SÃO PAULO,355030833A,SP,AC Central de SP,-46.635987,-23.543311,2019-01-07 15:50:00,0.0,15:50,2019-01-07
268,SÃO PAULO,355030833A,SP,AC Central de SP,-46.635987,-23.543311,2019-01-07 16:20:00,0.2,16:20,2019-01-07
269,SÃO PAULO,355030833A,SP,AC Central de SP,-46.635987,-23.543311,2019-01-07 16:50:00,0.2,16:50,2019-01-07
270,SÃO PAULO,355030833A,SP,AC Central de SP,-46.635987,-23.543311,2019-01-07 17:30:00,0.2,17:30,2019-01-07
271,SÃO PAULO,355030833A,SP,AC Central de SP,-46.635987,-23.543311,2019-01-07 17:50:00,0.0,17:50,2019-01-07
272,SÃO PAULO,355030833A,SP,AC Central de SP,-46.635987,-23.543311,2019-01-07 18:00:00,0.2,18:00,2019-01-07
273,SÃO PAULO,355030833A,SP,AC Central de SP,-46.635987,-23.543311,2019-01-07 18:40:00,0.2,18:40,2019-01-07
274,SÃO PAULO,355030833A,SP,AC Central de SP,-46.635987,-23.543311,2019-01-07 18:50:00,0.0,18:50,2019-01-07
275,SÃO PAULO,355030833A,SP,AC Central de SP,-46.635987,-23.543311,2019-01-07 19:20:00,0.2,19:20,2019-01-07
276,SÃO PAULO,355030833A,SP,AC Central de SP,-46.635987,-23.543311,2019-01-07 19:50:00,0.2,19:50,2019-01-07
277,SÃO PAULO,355030833A,SP,AC Central de SP,-46.635987,-23.543311,2019-01-07 20:30:00,0.2,20:30,2019-01-07
278,SÃO PAULO,355030833A,SP,AC Central de SP,-46.635987,-23.543311,2019-01-07 20:50:00,0.0,20:50,2019-01-07
279,SÃO PAULO,355030833A,SP,AC Central de SP,-46.635987,-23.543311,2019-01-07 21:20:00,0.2,21:20,2019-01-07
280,SÃO PAULO,355030833A,SP,AC Central de SP,-46.635987,-23.543311,2019-01-07 21:50:00,0.0,21:50,2019-01-07
281,SÃO PAULO,355030833A,SP,AC Central de SP,-46.635987,-23.543311,2019-01-07 22:10:00,0.2,22:10,2019-01-07
282,SÃO PAULO,355030833A,SP,AC Central de SP,-46.635987,-23.543311,2019-01-07 22:50:00,0.2,22:50,2019-01-07
283,SÃO PAULO,355030833A,SP,AC Central de SP,-46.635987,-23.543311,2019-01-07 23:30:00,0.2,23:30,2019-01-07
284,SÃO PAULO,355030833A,SP,AC Central de SP,-46.635987,-23.543311,2019-01-08 00:20:00,0.2,00:20,2019-01-08
285,SÃO PAULO,355030833A,SP,AC Central de SP,-46.635987,-23.543311,2019-01-08 00:50:00,0.0,00:50,2019-01-08
286,SÃO PAULO,355030833A,SP,AC Central de SP,-46.635987,-23.543311,2019-01-08 01:00:00,0.2,01:00,2019-01-08
287,SÃO PAULO,355030833A,SP,AC Central de SP,-46.635987,-23.543311,2019-01-08 01:40:00,0.2,01:40,2019-01-08
288,SÃO PAULO,355030833A,SP,AC Central de SP,-46.635987,-23.543311,2019-01-08 02:00:00,0.0,02:00,2019-01-08
289,SÃO PAULO,355030833A,SP,AC Central de SP,-46.635987,-23.543311,2019-01-08 02:30:00,0.2,02:30,2019-01-08
290,SÃO PAULO,355030833A,SP,AC Central de SP,-46.635987,-23.543311,2019-01-08 02:50:00,0.0,02:50,2019-01-08
291,SÃO PAULO,355030833A,SP,AC Central de SP,-46.635987,-23.543311,2019-01-08 03:10:00,0.2,03:10,2019-01-08
292,SÃO PAULO,355030833A,SP,AC Central de SP,-46.635987,-23.543311,2019-01-08 03:50:00,0.0,03:50,2019-01-08
293,SÃO PAULO,355030833A,SP,AC Central de SP,-46.635987,-23.543311,2019-01-08 04:00:00,0.2,04:00,2019-01-08
294,SÃO PAULO,355030833A,SP,AC Central de SP,-46.635987,-23.543311,2019-01-08 04:50:00,0.2,04:50,2019-01-08
295,SÃO PAULO,355030833A,SP,AC Central de SP,-46.635987,-23.543311,2019-01-08 05:00:00,0.0,05:00,2019-01-08
296,SÃO PAULO,355030833A,SP,AC Central de SP,-46.635987,-23.543311,2019-01-08 05:40:00,0.2,05:40,2019-01-08
297,SÃO PAULO,355030833A,SP,AC Central de SP,-46.635987,-23.543311,2019-01-08 05:50:00,0.0,05:50,2019-01-08
298,SÃO PAULO,355030833A,SP,AC Central de SP,-46.635987,-23.543311,2019-01-08 06:20:00,0.2,06:20,2019-01-08
299,SÃO PAULO,355030833A,SP,AC Central de SP,-46.635987,-23.543311,2019-01-08 06:50:00,0.0,06:50,2019-01-08
300,SÃO PAULO,355030833A,SP,AC Central de SP,-46.635987,-23.543311,2019-01-08 07:20:00,0.2,07:20,2019-01-08
301,SÃO PAULO,355030833A,SP,AC Central de SP,-46.635987,-23.543311,2019-01-08 07:50:00,0.0,07:50,2019-01-08
302,SÃO PAULO,355030833A,SP,AC Central de SP,-46.635987,-23.543311,2019-01-08 08:00:00,0.2,08:00,2019-01-08
303,SÃO PAULO,355030833A,SP,AC Central de SP,-46.635987,-23.543311,2019-01-08 08:50:00,0.2,08:50,2019-01-08
304,SÃO PAULO,355030833A,SP,AC Central de SP,-46.635987,-23.543311,2019-01-08 09:40:00,0.2,09:40,2019-01-08
305,SÃO PAULO,355030833A,SP,AC Central de SP,-46.635987,-23.543311,2019-01-08 09:50:00,0.0,09:50,2019-01-08
306,SÃO PAULO,355030833A,SP,AC Central de SP,-46.635987,-23.543311,2019-01-08 10:30:00,0.2,10:30,2019-01-08
307,SÃO PAULO,355030833A,SP,AC Central de SP,-46.635987,-23.543311,2019-01-08 10:50:00,0.0,10:50,2019-01-08
308,SÃO PAULO,355030833A,SP,AC Central de SP,-46.635987,-23.543311,2019-01-08 11:10:00,0.2,11:10,2019-01-08
309,SÃO PAULO,355030833A,SP,AC Central de SP,-46.635987,-23.543311,2019-01-08 11:50:00,0.2,11:50,2019-01-08
310,SÃO PAULO,355030833A,SP,AC Central de SP,-46.635987,-23.543311,2019-01-08 12:30:00,0.2,12:30,2019-01-08
311,SÃO PAULO,355030833A,SP,AC Central de SP,-46.635987,-23.543311,2019-01-08 12:50:00,0.0,12:50,2019-01-08
312,SÃO PAULO,355030833A,SP,AC Central de SP,-46.635987,-23.543311,2019-01-08 13:00:00,0.2,13:00,2019-01-08
313,SÃO PAULO,355030833A,SP,AC Central de SP,-46.635987,-23.543311,2019-01-08 13:40:00,0.2,13:40,2019-01-08
314,SÃO PAULO,355030833A,SP,AC Central de SP,-46.635987,-23.543311,2019-01-08 13:50:00,0.0,13:50,2019-01-08
315,SÃO PAULO,355030833A,SP,AC Central de SP,-46.635987,-23.543311,2019-01-08 14:20:00,0.2,14:20,2019-01-08
316,SÃO PAULO,355030833A,SP,AC Central de SP,-46.635987,-23.543311,2019-01-08 14:50:00,0.2,14:50,2019-01-08
317,SÃO PAULO,355030833A,SP,AC Central de SP,-46.635987,-23.543311,2019-01-08 15:30:00,0.2,15:30,2019-01-08
318,SÃO PAULO,355030833A,SP,AC Central de SP,-46.635987,-23.543311,2019-01-08 15:50:00,0.0,15:50,2019-01-08
319,SÃO PAULO,355030833A,SP,AC Central de SP,-46.635987,-23.543311,2019-01-08 16:10:00,0.2,16:10,2019-01-08
320,SÃO PAULO,355030833A,SP,AC Central de SP,-46.635987,-23.543311,2019-01-08 16:50:00,0.2,16:50,2019-01-08
321,SÃO PAULO,355030833A,SP,AC Central de SP,-46.635987,-23.543311,2019-01-08 17:30:00,0.2,17:30,2019-01-08
322,SÃO PAULO,355030833A,SP,AC Central de SP,-46.635987,-23.543311,2019-01-08 17:50:00,0.0,17:50,2019-01-08
323,SÃO PAULO,355030833A,SP,AC Central de SP,-46.635987,-23.543311,2019-01-08 18:10:00,0.2,18:10,2019-01-08
324,SÃO PAULO,355030833A,SP,AC Central de SP,-46.635987,-23.543311,2019-01-08 18:50:00,0.0,18:50,2019-01-08
325,SÃO PAULO,355030833A,SP,AC Central de SP,-46.635987,-23.543311,2019-01-08 19:10:00,0.2,19:10,2019-01-08
326,SÃO PAULO,355030833A,SP,AC Central de SP,-46.635987,-23.543311,2019-01-08 19:50:00,0.0,19:50,2019-01-08
327,SÃO PAULO,355030833A,SP,AC Central de SP,-46.635987,-23.543311,2019-01-08 20:10:00,0.2,20:10,2019-01-08
328,SÃO PAULO,355030833A,SP,AC Central de SP,-46.635987,-23.543311,2019-01-08 20:50:00,0.0,20:50,2019-01-08
329,SÃO PAULO,355030833A,SP,AC Central de SP,-46.635987,-23.543311,2019-01-08 21:10:00,0.2,21:10,2019-01-08
330,SÃO PAULO,355030833A,SP,AC Central de SP,-46.635987,-23.543311,2019-01-08 21:50:00,0.0,21:50,2019-01-08
331,SÃO PAULO,355030833A,SP,AC Central de SP,-46.635987,-23.543311,2019-01-08 22:10:00,0.2,22:10,2019-01-08
332,SÃO PAULO,355030833A,SP,AC Central de SP,-46.635987,-23.543311,2019-01-08 22:50:00,0.0,22:50,2019-01-08
333,SÃO PAULO,355030833A,SP,AC Central de SP,-46.635987,-23.543311,2019-01-08 23:00:00,0.2,23:00,2019-01-08
334,SÃO PAULO,355030833A,SP,AC Central de SP,-46.635987,-23.543311,2019-01-08 23:50:00,0.0,23:50,2019-01-08
335,SÃO PAULO,355030833A,SP,AC Central de SP,-46.635987,-23.543311,2019-01-09 00:00:00,0.2,00:00,2019-01-09
336,SÃO PAULO,355030833A,SP,AC Central de SP,-46.635987,-23.543311,2019-01-09 00:50:00,0.0,00:50,2019-01-09
337,SÃO PAULO,355030833A,SP,AC Central de SP,-46.635987,-23.543311,2019-01-09 01:00:00,0.2,01:00,2019-01-09
338,SÃO PAULO,355030833A,SP,AC Central de SP,-46.635987,-23.543311,2019-01-09 01:50:00,0.0,01:50,2019-01-09
339,SÃO PAULO,355030833A,SP,AC Central de SP,-46.635987,-23.543311,2019-01-09 02:00:00,0.2,02:00,2019-01-09
340,SÃO PAULO,355030833A,SP,AC Central de SP,-46.635987,-23.543311,2019-01-09 02:50:00,0.0,02:50,2019-01-09
341,SÃO PAULO,355030833A,SP,AC Central de SP,-46.635987,-23.543311,2019-01-09 03:00:00,0.2,03:00,2019-01-09
342,SÃO PAULO,355030833A,SP,AC Central de SP,-46.635987,-23.543311,2019-01-09 03:50:00,0.0,03:50,2019-01-09
343,SÃO PAULO,355030833A,SP,AC Central de SP,-46.635987,-23.543311,2019-01-09 04:00:00,0.2,04:00,2019-01-09
344,SÃO PAULO,355030833A,SP,AC Central de SP,-46.635987,-23.543311,2019-01-09 04:50:00,0.0,04:50,2019-01-09
345,SÃO PAULO,355030833A,SP,AC Central de SP,-46.635987,-23.543311,2019-01-09 05:00:00,0.2,05:00,2019-01-09
346,SÃO PAULO,355030833A,SP,AC Central de SP,-46.635987,-23.543311,2019-01-09 05:50:00,0.2,05:50,2019-01-09
347,SÃO PAULO,355030833A,SP,AC Central de SP,-46.635987,-23.543311,2019-01-09 06:40:00,0.2,06:40,2019-01-09
348,SÃO PAULO,355030833A,SP,AC Central de SP,-46.635987,-23.543311,2019-01-09 06:50:00,0.0,06:50,2019-01-09
349,SÃO PAULO,355030833A,SP,AC Central de SP,-46.635987,-23.543311,2019-01-09 07:50:00,0.2,07:50,2019-01-09
350,SÃO PAULO,355030833A,SP,AC Central de SP,-46.635987,-23.543311,2019-01-09 08:50:00,0.2,08:50,2019-01-09
351,SÃO PAULO,355030833A,SP,AC Central de SP,-46.635987,-23.543311,2019-01-09 09:00:00,0.0,09:00,2019-01-09
352,SÃO PAULO,355030833A,SP,AC Central de SP,-46.635987,-23.543311,2019-01-09 09:50:00,0.2,09:50,2019-01-09
353,SÃO PAULO,355030833A,SP,AC Central de SP,-46.635987,-23.543311,2019-01-09 10:40:00,0.2,10:40,2019-01-09
354,SÃO PAULO,355030833A,SP,AC Central de SP,-46.635987,-23.543311,2019-01-09 10:50:00,0.0,10:50,2019-01-09
355,SÃO PAULO,355030833A,SP,AC Central de SP,-46.635987,-23.543311,2019-01-09 11:40:00,0.2,11:40,2019-01-09
356,SÃO PAULO,355030833A,SP,AC Central de SP,-46.635987,-23.543311,2019-01-09 11:50:00,0.0,11:50,2019-01-09
357,SÃO PAULO,355030833A,SP,AC Central de SP,-46.635987,-23.543311,2019-01-09 12:30:00,0.2,12:30,2019-01-09
358,SÃO PAULO,355030833A,SP,AC Central de SP,-46.635987,-23.543311,2019-01-09 12:50:00,0.0,12:50,2019-01-09
359,SÃO PAULO,355030833A,SP,AC Central de SP,-46.635987,-23.543311,2019-01-09 13:10:00,0.2,13:10,2019-01-09
360,SÃO PAULO,355030833A,SP,AC Central de SP,-46.635987,-23.543311,2019-01-09 13:30:00,0.2,13:30,2019-01-09
361,SÃO PAULO,355030833A,SP,AC Central de SP,-46.635987,-23.543311,2019-01-09 13:50:00,0.2,13:50,2019-01-09
362,SÃO PAULO,355030833A,SP,AC Central de SP,-46.635987,-23.543311,2019-01-09 14:20:00,0.2,14:20,2019-01-09
363,SÃO PAULO,355030833A,SP,AC Central de SP,-46.635987,-23.543311,2019-01-09 14:50:00,0.2,14:50,2019-01-09
364,SÃO PAULO,355030833A,SP,AC Central de SP,-46.635987,-23.543311,2019-01-09 15:00:00,0.0,15:00,2019-01-09
365,SÃO PAULO,355030833A,SP,AC Central de SP,-46.635987,-23.543311,2019-01-09 15:10:00,0.2,15:10,2019-01-09
366,SÃO PAULO,355030833A,SP,AC Central de SP,-46.635987,-23.543311,2019-01-09 15:30:00,0.2,15:30,2019-01-09
367,SÃO PAULO,355030833A,SP,AC Central de SP,-46.635987,-23.543311,2019-01-09 15:50:00,0.0,15:50,2019-01-09
368,SÃO PAULO,355030833A,SP,AC Central de SP,-46.635987,-23.543311,2019-01-09 16:00:00,0.2,16:00,2019-01-09
369,SÃO PAULO,355030833A,SP,AC Central de SP,-46.635987,-23.543311,2019-01-09 16:20:00,0.2,16:20,2019-01-09
370,SÃO PAULO,355030833A,SP,AC Central de SP,-46.635987,-23.543311,2019-01-09 16:50:00,0.2,16:50,2019-01-09
371,SÃO PAULO,355030833A,SP,AC Central de SP,-46.635987,-23.543311,2019-01-09 17:10:00,0.2,17:10,2019-01-09
372,SÃO PAULO,355030833A,SP,AC Central de SP,-46.635987,-23.543311,2019-01-09 17:30:00,0.2,17:30,2019-01-09
373,SÃO PAULO,355030833A,SP,AC Central de SP,-46.635987,-23.543311,2019-01-09 18:00:00,0.2,18:00,2019-01-09
374,SÃO PAULO,355030833A,SP,AC Central de SP,-46.635987,-23.543311,2019-01-09 18:20:00,0.2,18:20,2019-01-09
375,SÃO PAULO,355030833A,SP,AC Central de SP,-46.635987,-23.543311,2019-01-09 18:50:00,0.2,18:50,2019-01-09
376,SÃO PAULO,355030833A,SP,AC Central de SP,-46.635987,-23.543311,2019-01-09 19:20:00,0.2,19:20,2019-01-09
377,SÃO PAULO,355030833A,SP,AC Central de SP,-46.635987,-23.543311,2019-01-09 19:40:00,0.2,19:40,2019-01-09
378,SÃO PAULO,355030833A,SP,AC Central de SP,-46.635987,-23.543311,2019-01-09 19:50:00,0.0,19:50,2019-01-09
379,SÃO PAULO,355030833A,SP,AC Central de SP,-46.635987,-23.543311,2019-01-09 20:10:00,0.2,20:10,2019-01-09
380,SÃO PAULO,355030833A,SP,AC Central de SP,-46.635987,-23.543311,2019-01-09 20:40:00,0.2,20:40,2019-01-09
381,SÃO PAULO,355030833A,SP,AC Central de SP,-46.635987,-23.543311,2019-01-09 20:50:00,0.0,20:50,2019-01-09
382,SÃO PAULO,355030833A,SP,AC Central de SP,-46.635987,-23.543311,2019-01-09 21:30:00,0.2,21:30,2019-01-09
383,SÃO PAULO,355030833A,SP,AC Central de SP,-46.635987,-23.543311,2019-01-09 21:50:00,0.0,21:50,2019-01-09
384,SÃO PAULO,355030833A,SP,AC Central de SP,-46.635987,-23.543311,2019-01-09 22:30:00,0.2,22:30,2019-01-09
385,SÃO PAULO,355030833A,SP,AC Central de SP,-46.635987,-23.543311,2019-01-09 22:50:00,0.0,22:50,2019-01-09
386,SÃO PAULO,355030833A,SP,AC Central de SP,-46.635987,-23.543311,2019-01-09 23:30:00,0.2,23:30,2019-01-09
387,SÃO PAULO,355030833A,SP,AC Central de SP,-46.635987,-23.543311,2019-01-09 23:50:00,0.0,23:50,2019-01-09
388,SÃO PAULO,355030833A,SP,AC Central de SP,-46.635987,-23.543311,2019-01-10 00:40:00,0.2,00:40,2019-01-10
389,SÃO PAULO,355030833A,SP,AC Central de SP,-46.635987,-23.543311,2019-01-10 00:50:00,0.0,00:50,2019-01-10
390,SÃO PAULO,355030833A,SP,AC Central de SP,-46.635987,-23.543311,2019-01-10 01:50:00,0.2,01:50,2019-01-10
391,SÃO PAULO,355030833A,SP,AC Central de SP,-46.635987,-23.543311,2019-01-10 02:00:00,0.0,02:00,2019-01-10
392,SÃO PAULO,355030833A,SP,AC Central de SP,-46.635987,-23.543311,2019-01-10 02:50:00,0.2,02:50,2019-01-10
393,SÃO PAULO,355030833A,SP,AC Central de SP,-46.635987,-23.543311,2019-01-10 03:50:00,0.2,03:50,2019-01-10
394,SÃO PAULO,355030833A,SP,AC Central de SP,-46.635987,-23.543311,2019-01-10 04:50:00,0.2,04:50,2019-01-10
395,SÃO PAULO,355030833A,SP,AC Central de SP,-46.635987,-23.543311,2019-01-10 05:50:00,0.0,05:50,2019-01-10
396,SÃO PAULO,355030833A,SP,AC Central de SP,-46.635987,-23.543311,2019-01-10 06:00:00,0.2,06:00,2019-01-10
397,SÃO PAULO,355030833A,SP,AC Central de SP,-46.635987,-23.543311,2019-01-10 06:50:00,0.0,06:50,2019-01-10
398,SÃO PAULO,355030833A,SP,AC Central de SP,-46.635987,-23.543311,2019-01-10 07:00:00,0.2,07:00,2019-01-10
399,SÃO PAULO,355030833A,SP,AC Central de SP,-46.635987,-23.543311,2019-01-10 07:50:00,0.0,07:50,2019-01-10
400,SÃO PAULO,355030833A,SP,AC Central de SP,-46.635987,-23.543311,2019-01-10 08:00:00,0.2,08:00,2019-01-10
401,SÃO PAULO,355030833A,SP,AC Central de SP,-46.635987,-23.543311,2019-01-10 08:50:00,0.0,08:50,2019-01-10
402,SÃO PAULO,355030833A,SP,AC Central de SP,-46.635987,-23.543311,2019-01-10 09:10:00,0.2,09:10,2019-01-10
403,SÃO PAULO,355030833A,SP,AC Central de SP,-46.635987,-23.543311,2019-01-10 09:50:00,0.0,09:50,2019-01-10
404,SÃO PAULO,355030833A,SP,AC Central de SP,-46.635987,-23.543311,2019-01-10 10:00:00,0.2,10:00,2019-01-10
405,SÃO PAULO,355030833A,SP,AC Central de SP,-46.635987,-23.543311,2019-01-10 10:50:00,0.2,10:50,2019-01-10
406,SÃO PAULO,355030833A,SP,AC Central de SP,-46.635987,-23.543311,2019-01-10 11:30:00,0.2,11:30,2019-01-10
407,SÃO PAULO,355030833A,SP,AC Central de SP,-46.635987,-23.543311,2019-01-10 12:10:00,0.2,12:10,2019-01-10
408,SÃO PAULO,355030833A,SP,AC Central de SP,-46.635987,-23.543311,2019-01-10 12:40:00,0.2,12:40,2019-01-10
409,SÃO PAULO,355030833A,SP,AC Central de SP,-46.635987,-23.543311,2019-01-10 12:50:00,0.0,12:50,2019-01-10
410,SÃO PAULO,355030833A,SP,AC Central de SP,-46.635987,-23.543311,2019-01-10 13:10:00,0.2,13:10,2019-01-10
411,SÃO PAULO,355030833A,SP,AC Central de SP,-46.635987,-23.543311,2019-01-10 13:30:00,0.2,13:30,2019-01-10
412,SÃO PAULO,355030833A,SP,AC Central de SP,-46.635987,-23.543311,2019-01-10 13:50:00,0.2,13:50,2019-01-10
413,SÃO PAULO,355030833A,SP,AC Central de SP,-46.635987,-23.543311,2019-01-10 14:20:00,0.2,14:20,2019-01-10
414,SÃO PAULO,355030833A,SP,AC Central de SP,-46.635987,-23.543311,2019-01-10 14:40:00,0.2,14:40,2019-01-10
415,SÃO PAULO,355030833A,SP,AC Central de SP,-46.635987,-23.543311,2019-01-10 14:50:00,0.0,14:50,2019-01-10
416,SÃO PAULO,355030833A,SP,AC Central de SP,-46.635987,-23.543311,2019-01-10 15:00:00,0.2,15:00,2019-01-10
417,SÃO PAULO,355030833A,SP,AC Central de SP,-46.635987,-23.543311,2019-01-10 15:20:00,0.2,15:20,2019-01-10
418,SÃO PAULO,355030833A,SP,AC Central de SP,-46.635987,-23.543311,2019-01-10 15:40:00,0.2,15:40,2019-01-10
419,SÃO PAULO,355030833A,SP,AC Central de SP,-46.635987,-23.543311,2019-01-10 15:50:00,0.0,15:50,2019-01-10
420,SÃO PAULO,355030833A,SP,AC Central de SP,-46.635987,-23.543311,2019-01-10 16:00:00,0.2,16:00,2019-01-10
421,SÃO PAULO,355030833A,SP,AC Central de SP,-46.635987,-23.543311,2019-01-10 16:20:00,0.2,16:20,2019-01-10
422,SÃO PAULO,355030833A,SP,AC Central de SP,-46.635987,-23.543311,2019-01-10 16:30:00,0.2,16:30,2019-01-10
423,SÃO PAULO,355030833A,SP,AC Central de SP,-46.635987,-23.543311,2019-01-10 16:50:00,0.2,16:50,2019-01-10
424,SÃO PAULO,355030833A,SP,AC Central de SP,-46.635987,-23.543311,2019-01-10 17:00:00,0.2,17:00,2019-01-10
425,SÃO PAULO,355030833A,SP,AC Central de SP,-46.635987,-23.543311,2019-01-10 17:20:00,0.2,17:20,2019-01-10
426,SÃO PAULO,355030833A,SP,AC Central de SP,-46.635987,-23.543311,2019-01-10 17:40:00,0.2,17:40,2019-01-10
427,SÃO PAULO,355030833A,SP,AC Central de SP,-46.635987,-23.543311,2019-01-10 17:50:00,0.0,17:50,2019-01-10
428,SÃO PAULO,355030833A,SP,AC Central de SP,-46.635987,-23.543311,2019-01-10 18:00:00,0.2,18:00,2019-01-10
429,SÃO PAULO,355030833A,SP,AC Central de SP,-46.635987,-23.543311,2019-01-10 18:20:00,0.2,18:20,2019-01-10
430,SÃO PAULO,355030833A,SP,AC Central de SP,-46.635987,-23.543311,2019-01-10 18:40:00,0.2,18:40,2019-01-10
431,SÃO PAULO,355030833A,SP,AC Central de SP,-46.635987,-23.543311,2019-01-10 18:50:00,0.0,18:50,2019-01-10
432,SÃO PAULO,355030833A,SP,AC Central de SP,-46.635987,-23.543311,2019-01-10 19:00:00,0.2,19:00,2019-01-10
433,SÃO PAULO,355030833A,SP,AC Central de SP,-46.635987,-23.543311,2019-01-10 19:20:00,0.2,19:20,2019-01-10
434,SÃO PAULO,355030833A,SP,AC Central de SP,-46.635987,-23.543311,2019-01-10 19:40:00,0.2,19:40,2019-01-10
435,SÃO PAULO,355030833A,SP,AC Central de SP,-46.635987,-23.543311,2019-01-10 19:50:00,0.0,19:50,2019-01-10
436,SÃO PAULO,355030833A,SP,AC Central de SP,-46.635987,-23.543311,2019-01-10 20:00:00,0.2,20:00,2019-01-10
437,SÃO PAULO,355030833A,SP,AC Central de SP,-46.635987,-23.543311,2019-01-10 20:30:00,0.2,20:30,2019-01-10
438,SÃO PAULO,355030833A,SP,AC Central de SP,-46.635987,-23.543311,2019-01-10 20:50:00,0.2,20:50,2019-01-10
439,SÃO PAULO,355030833A,SP,AC Central de SP,-46.635987,-23.543311,2019-01-10 21:20:00,0.2,21:20,2019-01-10
440,SÃO PAULO,355030833A,SP,AC Central de SP,-46.635987,-23.543311,2019-01-10 21:40:00,0.2,21:40,2019-01-10
441,SÃO PAULO,355030833A,SP,AC Central de SP,-46.635987,-23.543311,2019-01-10 21:50:00,0.0,21:50,2019-01-10
442,SÃO PAULO,355030833A,SP,AC Central de SP,-46.635987,-23.543311,2019-01-10 22:00:00,0.2,22:00,2019-01-10
443,SÃO PAULO,355030833A,SP,AC Central de SP,-46.635987,-23.543311,2019-01-10 22:20:00,0.2,22:20,2019-01-10
444,SÃO PAULO,355030833A,SP,AC Central de SP,-46.635987,-23.543311,2019-01-10 22:40:00,0.2,22:40,2019-01-10
445,SÃO PAULO,355030833A,SP,AC Central de SP,-46.635987,-23.543311,2019-01-10 23:00:00,0.2,23:00,2019-01-10
446,SÃO PAULO,355030833A,SP,AC Central de SP,-46.635987,-23.543311,2019-01-10 23:20:00,0.2,23:20,2019-01-10
447,SÃO PAULO,355030833A,SP,AC Central de SP,-46.635987,-23.543311,2019-01-10 23:40:00,0.2,23:40,2019-01-10
448,SÃO PAULO,355030833A,SP,AC Central de SP,-46.635987,-23.543311,2019-01-10 23:50:00,0.0,23:50,2019-01-10
449,SÃO PAULO,355030833A,SP,AC Central de SP,-46.635987,-23.543311,2019-01-11 00:00:00,0.2,00:00,2019-01-11
450,SÃO PAULO,355030833A,SP,AC Central de SP,-46.635987,-23.543311,2019-01-11 00:20:00,0.2,00:20,2019-01-11
451,SÃO PAULO,355030833A,SP,AC Central de SP,-46.635987,-23.543311,2019-01-11 00:40:00,0.2,00:40,2019-01-11
452,SÃO PAULO,355030833A,SP,AC Central de SP,-46.635987,-23.543311,2019-01-11 00:50:00,0.0,00:50,2019-01-11
453,SÃO PAULO,355030833A,SP,AC Central de SP,-46.635987,-23.543311,2019-01-11 01:00:00,0.2,01:00,2019-01-11
454,SÃO PAULO,355030833A,SP,AC Central de SP,-46.635987,-23.543311,2019-01-11 01:20:00,0.2,01:20,2019-01-11
455,SÃO PAULO,355030833A,SP,AC Central de SP,-46.635987,-23.543311,2019-01-11 01:40:00,0.2,01:40,2019-01-11
456,SÃO PAULO,355030833A,SP,AC Central de SP,-46.635987,-23.543311,2019-01-11 01:50:00,0.0,01:50,2019-01-11
457,SÃO PAULO,355030833A,SP,AC Central de SP,-46.635987,-23.543311,2019-01-11 02:10:00,0.2,02:10,2019-01-11
458,SÃO PAULO,355030833A,SP,AC Central de SP,-46.635987,-23.543311,2019-01-11 02:40:00,0.2,02:40,2019-01-11
459,SÃO PAULO,355030833A,SP,AC Central de SP,-46.635987,-23.543311,2019-01-11 02:50:00,0.0,02:50,2019-01-11
460,SÃO PAULO,355030833A,SP,AC Central de SP,-46.635987,-23.543311,2019-01-11 03:00:00,0.2,03:00,2019-01-11
461,SÃO PAULO,355030833A,SP,AC Central de SP,-46.635987,-23.543311,2019-01-11 03:30:00,0.2,03:30,2019-01-11
462,SÃO PAULO,355030833A,SP,AC Central de SP,-46.635987,-23.543311,2019-01-11 03:50:00,0.2,03:50,2019-01-11
463,SÃO PAULO,355030833A,SP,AC Central de SP,-46.635987,-23.543311,2019-01-11 04:10:00,0.2,04:10,2019-01-11
464,SÃO PAULO,355030833A,SP,AC Central de SP,-46.635987,-23.543311,2019-01-11 04:30:00,0.2,04:30,2019-01-11
465,SÃO PAULO,355030833A,SP,AC Central de SP,-46.635987,-23.543311,2019-01-11 04:50:00,0.0,04:50,2019-01-11
466,SÃO PAULO,355030833A,SP,AC Central de SP,-46.635987,-23.543311,2019-01-11 05:00:00,0.2,05:00,2019-01-11
467,SÃO PAULO,355030833A,SP,AC Central de SP,-46.635987,-23.543311,2019-01-11 05:20:00,0.2,05:20,2019-01-11
468,SÃO PAULO,355030833A,SP,AC Central de SP,-46.635987,-23.543311,2019-01-11 05:40:00,0.2,05:40,2019-01-11
469,SÃO PAULO,355030833A,SP,AC Central de SP,-46.635987,-23.543311,2019-01-11 05:50:00,0.0,05:50,2019-01-11
470,SÃO PAULO,355030833A,SP,AC Central de SP,-46.635987,-23.543311,2019-01-11 06:10:00,0.2,06:10,2019-01-11
471,SÃO PAULO,355030833A,SP,AC Central de SP,-46.635987,-23.543311,2019-01-11 06:30:00,0.2,06:30,2019-01-11
472,SÃO PAULO,355030833A,SP,AC Central de SP,-46.635987,-23.543311,2019-01-11 06:50:00,0.2,06:50,2019-01-11
473,SÃO PAULO,355030833A,SP,AC Central de SP,-46.635987,-23.543311,2019-01-11 07:10:00,0.2,07:10,2019-01-11
474,SÃO PAULO,355030833A,SP,AC Central de SP,-46.635987,-23.543311,2019-01-11 07:40:00,0.2,07:40,2019-01-11
475,SÃO PAULO,355030833A,SP,AC Central de SP,-46.635987,-23.543311,2019-01-11 07:50:00,0.0,07:50,2019-01-11
476,SÃO PAULO,355030833A,SP,AC Central de SP,-46.635987,-23.543311,2019-01-11 08:00:00,0.2,08:00,2019-01-11
477,SÃO PAULO,355030833A,SP,AC Central de SP,-46.635987,-23.543311,2019-01-11 08:20:00,0.2,08:20,2019-01-11
478,SÃO PAULO,355030833A,SP,AC Central de SP,-46.635987,-23.543311,2019-01-11 08:50:00,0.2,08:50,2019-01-11
479,SÃO PAULO,355030833A,SP,AC Central de SP,-46.635987,-23.543311,2019-01-11 09:10:00,0.2,09:10,2019-01-11
480,SÃO PAULO,355030833A,SP,AC Central de SP,-46.635987,-23.543311,2019-01-11 09:30:00,0.2,09:30,2019-01-11
481,SÃO PAULO,355030833A,SP,AC Central de SP,-46.635987,-23.543311,2019-01-11 09:50:00,0.0,09:50,2019-01-11
482,SÃO PAULO,355030833A,SP,AC Central de SP,-46.635987,-23.543311,2019-01-11 10:00:00,0.2,10:00,2019-01-11
483,SÃO PAULO,355030833A,SP,AC Central de SP,-46.635987,-23.543311,2019-01-11 10:20:00,0.2,10:20,2019-01-11
484,SÃO PAULO,355030833A,SP,AC Central de SP,-46.635987,-23.543311,2019-01-11 10:40:00,0.2,10:40,2019-01-11
485,SÃO PAULO,355030833A,SP,AC Central de SP,-46.635987,-23.543311,2019-01-11 10:50:00,0.0,10:50,2019-01-11
486,SÃO PAULO,355030833A,SP,AC Central de SP,-46.635987,-23.543311,2019-01-11 11:00:00,0.2,11:00,2019-01-11
487,SÃO PAULO,355030833A,SP,AC Central de SP,-46.635987,-23.543311,2019-01-11 11:20:00,0.2,11:20,2019-01-11
488,SÃO PAULO,355030833A,SP,AC Central de SP,-46.635987,-23.543311,2019-01-11 11:50:00,0.2,11:50,2019-01-11
489,SÃO PAULO,355030833A,SP,AC Central de SP,-46.635987,-23.543311,2019-01-11 12:10:00,0.2,12:10,2019-01-11
490,SÃO PAULO,355030833A,SP,AC Central de SP,-46.635987,-23.543311,2019-01-11 12:40:00,0.2,12:40,2019-01-11
491,SÃO PAULO,355030833A,SP,AC Central de SP,-46.635987,-23.543311,2019-01-11 12:50:00,0.0,12:50,2019-01-11
492,SÃO PAULO,355030833A,SP,AC Central de SP,-46.635987,-23.543311,2019-01-11 13:20:00,0.2,13:20,2019-01-11
493,SÃO PAULO,355030833A,SP,AC Central de SP,-46.635987,-23.543311,2019-01-11 13:50:00,0.2,13:50,2019-01-11
494,SÃO PAULO,355030833A,SP,AC Central de SP,-46.635987,-23.543311,2019-01-11 14:20:00,0.2,14:20,2019-01-11
495,SÃO PAULO,355030833A,SP,AC Central de SP,-46.635987,-23.543311,2019-01-11 14:40:00,0.2,14:40,2019-01-11
496,SÃO PAULO,355030833A,SP,AC Central de SP,-46.635987,-23.543311,2019-01-11 14:50:00,0.0,14:50,2019-01-11
497,SÃO PAULO,355030833A,SP,AC Central de SP,-46.635987,-23.543311,2019-01-11 15:10:00,0.2,15:10,2019-01-11
498,SÃO PAULO,355030833A,SP,AC Central de SP,-46.635987,-23.543311,2019-01-11 15:50:00,0.2,15:50,2019-01-11
499,SÃO PAULO,355030833A,SP,AC Central de SP,-46.635987,-23.543311,2019-01-11 16:20:00,0.2,16:20,2019-01-11
500,SÃO PAULO,355030833A,SP,AC Central de SP,-46.635987,-23.543311,2019-01-11 16:50:00,0.2,16:50,2019-01-11
501,SÃO PAULO,355030833A,SP,AC Central de SP,-46.635987,-23.543311,2019-01-11 17:30:00,0.2,17:30,2019-01-11
502,SÃO PAULO,355030833A,SP,AC Central de SP,-46.635987,-23.543311,2019-01-11 17:50:00,0.0,17:50,2019-01-11
503,SÃO PAULO,355030833A,SP,AC Central de SP,-46.635987,-23.543311,2019-01-11 18:10:00,0.2,18:10,2019-01-11
504,SÃO PAULO,355030833A,SP,AC Central de SP,-46.635987,-23.543311,2019-01-11 18:50:00,0.0,18:50,2019-01-11
505,SÃO PAULO,355030833A,SP,AC Central de SP,-46.635987,-23.543311,2019-01-11 19:00:00,0.2,19:00,2019-01-11
506,SÃO PAULO,355030833A,SP,AC Central de SP,-46.635987,-23.543311,2019-01-11 19:40:00,0.2,19:40,2019-01-11
507,SÃO PAULO,355030833A,SP,AC Central de SP,-46.635987,-23.543311,2019-01-11 19:50:00,0.0,19:50,2019-01-11
508,SÃO PAULO,355030833A,SP,AC Central de SP,-46.635987,-23.543311,2019-01-11 20:30:00,0.2,20:30,2019-01-11
509,SÃO PAULO,355030833A,SP,AC Central de SP,-46.635987,-23.543311,2019-01-11 20:50:00,0.0,20:50,2019-01-11
510,SÃO PAULO,355030833A,SP,AC Central de SP,-46.635987,-23.543311,2019-01-11 21:10:00,0.2,21:10,2019-01-11
511,SÃO PAULO,355030833A,SP,AC Central de SP,-46.635987,-23.543311,2019-01-11 21:50:00,0.0,21:50,2019-01-11
512,SÃO PAULO,355030833A,SP,AC Central de SP,-46.635987,-23.543311,2019-01-11 22:10:00,0.2,22:10,2019-01-11
513,SÃO PAULO,355030833A,SP,AC Central de SP,-46.635987,-23.543311,2019-01-11 22:50:00,0.0,22:50,2019-01-11
514,SÃO PAULO,355030833A,SP,AC Central de SP,-46.635987,-23.543311,2019-01-11 23:20:00,0.2,23:20,2019-01-11
515,SÃO PAULO,355030833A,SP,AC Central de SP,-46.635987,-23.543311,2019-01-11 23:50:00,0.0,23:50,2019-01-11
516,SÃO PAULO,355030833A,SP,AC Central de SP,-46.635987,-23.543311,2019-01-12 00:40:00,0.2,00:40,2019-01-12
517,SÃO PAULO,355030833A,SP,AC Central de SP,-46.635987,-23.543311,2019-01-12 00:50:00,0.0,00:50,2019-01-12
518,SÃO PAULO,355030833A,SP,AC Central de SP,-46.635987,-23.543311,2019-01-12 01:50:00,0.2,01:50,2019-01-12
519,SÃO PAULO,355030833A,SP,AC Central de SP,-46.635987,-23.543311,2019-01-12 02:50:00,0.0,02:50,2019-01-12
520,SÃO PAULO,355030833A,SP,AC Central de SP,-46.635987,-23.543311,2019-01-12 03:10:00,0.2,03:10,2019-01-12
521,SÃO PAULO,355030833A,SP,AC Central de SP,-46.635987,-23.543311,2019-01-12 03:50:00,0.0,03:50,2019-01-12
522,SÃO PAULO,355030833A,SP,AC Central de SP,-46.635987,-23.543311,2019-01-12 04:30:00,0.2,04:30,2019-01-12
523,SÃO PAULO,355030833A,SP,AC Central de SP,-46.635987,-23.543311,2019-01-12 04:50:00,0.0,04:50,2019-01-12
524,SÃO PAULO,355030833A,SP,AC Central de SP,-46.635987,-23.543311,2019-01-12 05:50:00,0.2,05:50,2019-01-12
525,SÃO PAULO,355030833A,SP,AC Central de SP,-46.635987,-23.543311,2019-01-12 06:50:00,0.0,06:50,2019-01-12
526,SÃO PAULO,355030833A,SP,AC Central de SP,-46.635987,-23.543311,2019-01-12 07:10:00,0.2,07:10,2019-01-12
527,SÃO PAULO,355030833A,SP,AC Central de SP,-46.635987,-23.543311,2019-01-12 07:50:00,0.0,07:50,2019-01-12
528,SÃO PAULO,355030833A,SP,AC Central de SP,-46.635987,-23.543311,2019-01-12 08:30:00,0.2,08:30,2019-01-12
529,SÃO PAULO,355030833A,SP,AC Central de SP,-46.635987,-23.543311,2019-01-12 08:50:00,0.0,08:50,2019-01-12
530,SÃO PAULO,355030833A,SP,AC Central de SP,-46.635987,-23.543311,2019-01-12 09:50:00,0.2,09:50,2019-01-12
531,SÃO PAULO,355030833A,SP,AC Central de SP,-46.635987,-23.543311,2019-01-12 10:50:00,0.0,10:50,2019-01-12
532,SÃO PAULO,355030833A,SP,AC Central de SP,-46.635987,-23.543311,2019-01-12 11:00:00,0.2,11:00,2019-01-12
533,SÃO PAULO,355030833A,SP,AC Central de SP,-46.635987,-23.543311,2019-01-12 11:50:00,0.0,11:50,2019-01-12
534,SÃO PAULO,355030833A,SP,AC Central de SP,-46.635987,-23.543311,2019-01-12 12:10:00,0.2,12:10,2019-01-12
535,SÃO PAULO,355030833A,SP,AC Central de SP,-46.635987,-23.543311,2019-01-12 12:50:00,0.0,12:50,2019-01-12
536,SÃO PAULO,355030833A,SP,AC Central de SP,-46.635987,-23.543311,2019-01-12 13:00:00,0.2,13:00,2019-01-12
537,SÃO PAULO,355030833A,SP,AC Central de SP,-46.635987,-23.543311,2019-01-12 13:40:00,0.2,13:40,2019-01-12
538,SÃO PAULO,355030833A,SP,AC Central de SP,-46.635987,-23.543311,2019-01-12 13:50:00,0.0,13:50,2019-01-12
539,SÃO PAULO,355030833A,SP,AC Central de SP,-46.635987,-23.543311,2019-01-12 14:30:00,0.2,14:30,2019-01-12
540,SÃO PAULO,355030833A,SP,AC Central de SP,-46.635987,-23.543311,2019-01-12 14:50:00,0.0,14:50,2019-01-12
541,SÃO PAULO,355030833A,SP,AC Central de SP,-46.635987,-23.543311,2019-01-12 15:20:00,0.2,15:20,2019-01-12
542,SÃO PAULO,355030833A,SP,AC Central de SP,-46.635987,-23.543311,2019-01-12 15:50:00,0.0,15:50,2019-01-12
543,SÃO PAULO,355030833A,SP,AC Central de SP,-46.635987,-23.543311,2019-01-12 16:20:00,0.2,16:20,2019-01-12
544,SÃO PAULO,355030833A,SP,AC Central de SP,-46.635987,-23.543311,2019-01-12 16:50:00,0.0,16:50,2019-01-12
545,SÃO PAULO,355030833A,SP,AC Central de SP,-46.635987,-23.543311,2019-01-12 17:10:00,0.2,17:10,2019-01-12
546,SÃO PAULO,355030833A,SP,AC Central de SP,-46.635987,-23.543311,2019-01-12 17:50:00,0.0,17:50,2019-01-12
547,SÃO PAULO,355030833A,SP,AC Central de SP,-46.635987,-23.543311,2019-01-12 18:10:00,0.2,18:10,2019-01-12
548,SÃO PAULO,355030833A,SP,AC Central de SP,-46.635987,-23.543311,2019-01-12 18:50:00,0.0,18:50,2019-01-12
549,SÃO PAULO,355030833A,SP,AC Central de SP,-46.635987,-23.543311,2019-01-12 19:00:00,0.2,19:00,2019-01-12
550,SÃO PAULO,355030833A,SP,AC Central de SP,-46.635987,-23.543311,2019-01-12 19:50:00,0.0,19:50,2019-01-12
551,SÃO PAULO,355030833A,SP,AC Central de SP,-46.635987,-23.543311,2019-01-12 20:10:00,0.2,20:10,2019-01-12
552,SÃO PAULO,355030833A,SP,AC Central de SP,-46.635987,-23.543311,2019-01-12 20:50:00,0.0,20:50,2019-01-12
553,SÃO PAULO,355030833A,SP,AC Central de SP,-46.635987,-23.543311,2019-01-12 21:20:00,0.2,21:20,2019-01-12
554,SÃO PAULO,355030833A,SP,AC Central de SP,-46.635987,-23.543311,2019-01-12 21:50:00,0.0,21:50,2019-01-12
555,SÃO PAULO,355030833A,SP,AC Central de SP,-46.635987,-23.543311,2019-01-12 22:40:00,0.2,22:40,2019-01-12
556,SÃO PAULO,355030833A,SP,AC Central de SP,-46.635987,-23.543311,2019-01-12 22:50:00,0.0,22:50,2019-01-12
557,SÃO PAULO,355030833A,SP,AC Central de SP,-46.635987,-23.543311,2019-01-12 23:50:00,0.0,23:50,2019-01-12
558,SÃO PAULO,355030833A,SP,AC Central de SP,-46.635987,-23.543311,2019-01-13 00:00:00,0.2,00:00,2019-01-13
559,SÃO PAULO,355030833A,SP,AC Central de SP,-46.635987,-23.543311,2019-01-13 00:50:00,0.0,00:50,2019-01-13
560,SÃO PAULO,355030833A,SP,AC Central de SP,-46.635987,-23.543311,2019-01-13 01:20:00,0.2,01:20,2019-01-13
561,SÃO PAULO,355030833A,SP,AC Central de SP,-46.635987,-23.543311,2019-01-13 01:50:00,0.0,01:50,2019-01-13
562,SÃO PAULO,355030833A,SP,AC Central de SP,-46.635987,-23.543311,2019-01-13 02:40:00,0.2,02:40,2019-01-13
563,SÃO PAULO,355030833A,SP,AC Central de SP,-46.635987,-23.543311,2019-01-13 02:50:00,0.0,02:50,2019-01-13
564,SÃO PAULO,355030833A,SP,AC Central de SP,-46.635987,-23.543311,2019-01-13 03:50:00,0.0,03:50,2019-01-13
565,SÃO PAULO,355030833A,SP,AC Central de SP,-46.635987,-23.543311,2019-01-13 04:10:00,0.2,04:10,2019-01-13
566,SÃO PAULO,355030833A,SP,AC Central de SP,-46.635987,-23.543311,2019-01-13 04:50:00,0.0,04:50,2019-01-13
567,SÃO PAULO,355030833A,SP,AC Central de SP,-46.635987,-23.543311,2019-01-13 05:40:00,0.2,05:40,2019-01-13
568,SÃO PAULO,355030833A,SP,AC Central de SP,-46.635987,-23.543311,2019-01-13 05:50:00,0.0,05:50,2019-01-13
569,SÃO PAULO,355030833A,SP,AC Central de SP,-46.635987,-23.543311,2019-01-13 06:50:00,0.0,06:50,2019-01-13
570,SÃO PAULO,355030833A,SP,AC Central de SP,-46.635987,-23.543311,2019-01-13 07:00:00,0.2,07:00,2019-01-13
571,SÃO PAULO,355030833A,SP,AC Central de SP,-46.635987,-23.543311,2019-01-13 07:50:00,0.0,07:50,2019-01-13
572,SÃO PAULO,355030833A,SP,AC Central de SP,-46.635987,-23.543311,2019-01-13 08:40:00,0.2,08:40,2019-01-13
573,SÃO PAULO,355030833A,SP,AC Central de SP,-46.635987,-23.543311,2019-01-13 08:50:00,0.0,08:50,2019-01-13
574,SÃO PAULO,355030833A,SP,AC Central de SP,-46.635987,-23.543311,2019-01-13 09:50:00,0.0,09:50,2019-01-13
575,SÃO PAULO,355030833A,SP,AC Central de SP,-46.635987,-23.543311,2019-01-13 10:00:00,0.2,10:00,2019-01-13
576,SÃO PAULO,355030833A,SP,AC Central de SP,-46.635987,-23.543311,2019-01-13 10:50:00,0.0,10:50,2019-01-13
577,SÃO PAULO,355030833A,SP,AC Central de SP,-46.635987,-23.543311,2019-01-13 11:40:00,0.2,11:40,2019-01-13
578,SÃO PAULO,355030833A,SP,AC Central de SP,-46.635987,-23.543311,2019-01-13 11:50:00,0.0,11:50,2019-01-13
579,SÃO PAULO,355030833A,SP,AC Central de SP,-46.635987,-23.543311,2019-01-13 12:50:00,0.2,12:50,2019-01-13
580,SÃO PAULO,355030833A,SP,AC Central de SP,-46.635987,-23.543311,2019-01-13 13:50:00,0.0,13:50,2019-01-13
581,SÃO PAULO,355030833A,SP,AC Central de SP,-46.635987,-23.543311,2019-01-13 14:00:00,0.2,14:00,2019-01-13
582,SÃO PAULO,355030833A,SP,AC Central de SP,-46.635987,-23.543311,2019-01-13 14:50:00,0.0,14:50,2019-01-13
583,SÃO PAULO,355030833A,SP,AC Central de SP,-46.635987,-23.543311,2019-01-13 15:20:00,0.2,15:20,2019-01-13
584,SÃO PAULO,355030833A,SP,AC Central de SP,-46.635987,-23.543311,2019-01-13 15:50:00,0.0,15:50,2019-01-13
585,SÃO PAULO,355030833A,SP,AC Central de SP,-46.635987,-23.543311,2019-01-13 16:30:00,0.2,16:30,2019-01-13
586,SÃO PAULO,355030833A,SP,AC Central de SP,-46.635987,-23.543311,2019-01-13 16:50:00,0.0,16:50,2019-01-13
587,SÃO PAULO,355030833A,SP,AC Central de SP,-46.635987,-23.543311,2019-01-13 17:50:00,0.2,17:50,2019-01-13
588,SÃO PAULO,355030833A,SP,AC Central de SP,-46.635987,-23.543311,2019-01-13 18:50:00,0.0,18:50,2019-01-13
589,SÃO PAULO,355030833A,SP,AC Central de SP,-46.635987,-23.543311,2019-01-13 19:30:00,0.2,19:30,2019-01-13
590,SÃO PAULO,355030833A,SP,AC Central de SP,-46.635987,-23.543311,2019-01-13 20:50:00,0.0,20:50,2019-01-13
591,SÃO PAULO,355030833A,SP,AC Central de SP,-46.635987,-23.543311,2019-01-13 21:30:00,0.2,21:30,2019-01-13
592,SÃO PAULO,355030833A,SP,AC Central de SP,-46.635987,-23.543311,2019-01-13 21:50:00,0.0,21:50,2019-01-13
593,SÃO PAULO,355030833A,SP,AC Central de SP,-46.635987,-23.543311,2019-01-13 22:50:00,0.0,22:50,2019-01-13
594,SÃO PAULO,355030833A,SP,AC Central de SP,-46.635987,-23.543311,2019-01-13 23:50:00,0.2,23:50,2019-01-13
595,SÃO PAULO,355030833A,SP,AC Central de SP,-46.635987,-23.543311,2019-01-14 00:00:00,0.0,00:00,2019-01-14
596,SÃO PAULO,355030833A,SP,AC Central de SP,-46.635987,-23.543311,2019-01-14 00:50:00,0.0,00:50,2019-01-14
597,SÃO PAULO,355030833A,SP,AC Central de SP,-46.635987,-23.543311,2019-01-14 01:50:00,0.0,01:50,2019-01-14
598,SÃO PAULO,355030833A,SP,AC Central de SP,-46.635987,-23.543311,2019-01-14 02:50:00,0.0,02:50,2019-01-14
599,SÃO PAULO,355030833A,SP,AC Central de SP,-46.635987,-23.543311,2019-01-14 03:50:00,0.0,03:50,2019-01-14
600,SÃO PAULO,355030833A,SP,AC Central de SP,-46.635987,-23.543311,2019-01-14 04:50:00,0.0,04:50,2019-01-14
601,SÃO PAULO,355030833A,SP,AC Central de SP,-46.635987,-23.543311,2019-01-14 05:50:00,0.0,05:50,2019-01-14
602,SÃO PAULO,355030833A,SP,AC Central de SP,-46.635987,-23.543311,2019-01-14 06:50:00,0.0,06:50,2019-01-14
603,SÃO PAULO,355030833A,SP,AC Central de SP,-46.635987,-23.543311,2019-01-14 07:50:00,0.0,07:50,2019-01-14
604,SÃO PAULO,355030833A,SP,AC Central de SP,-46.635987,-23.543311,2019-01-14 08:50:00,0.0,08:50,2019-01-14
605,SÃO PAULO,355030833A,SP,AC Central de SP,-46.635987,-23.543311,2019-01-14 09:50:00,0.0,09:50,2019-01-14
606,SÃO PAULO,355030833A,SP,AC Central de SP,-46.635987,-23.543311,2019-01-14 10:50:00,0.0,10:50,2019-01-14
607,SÃO PAULO,355030833A,SP,AC Central de SP,-46.635987,-23.543311,2019-01-14 11:50:00,0.0,11:50,2019-01-14
608,SÃO PAULO,355030833A,SP,AC Central de SP,-46.635987,-23.543311,2019-01-14 12:50:00,0.0,12:50,2019-01-14
609,SÃO PAULO,355030833A,SP,AC Central de SP,-46.635987,-23.543311,2019-01-14 13:50:00,0.0,13:50,2019-01-14
610,SÃO PAULO,355030833A,SP,AC Central de SP,-46.635987,-23.543311,2019-01-14 14:50:00,0.0,14:50,2019-01-14
611,SÃO PAULO,355030833A,SP,AC Central de SP,-46.635987,-23.543311,2019-01-14 15:50:00,0.0,15:50,2019-01-14
612,SÃO PAULO,355030833A,SP,AC Central de SP,-46.635987,-23.543311,2019-01-14 16:50:00,0.0,16:50,2019-01-14
613,SÃO PAULO,355030833A,SP,AC Central de SP,-46.635987,-23.543311,2019-01-14 17:50:00,0.0,17:50,2019-01-14
614,SÃO PAULO,355030833A,SP,AC Central de SP,-46.635987,-23.543311,2019-01-14 18:50:00,0.0,18:50,2019-01-14
615,SÃO PAULO,355030833A,SP,AC Central de SP,-46.635987,-23.543311,2019-01-14 19:50:00,0.0,19:50,2019-01-14
616,SÃO PAULO,355030833A,SP,AC Central de SP,-46.635987,-23.543311,2019-01-14 20:50:00,0.0,20:50,2019-01-14
617,SÃO PAULO,355030833A,SP,AC Central de SP,-46.635987,-23.543311,2019-01-14 21:50:00,0.0,21:50,2019-01-14
618,SÃO PAULO,355030833A,SP,AC Central de SP,-46.635987,-23.543311,2019-01-14 22:50:00,0.0,22:50,2019-01-14
619,SÃO PAULO,355030833A,SP,AC Central de SP,-46.635987,-23.543311,2019-01-14 23:50:00,0.0,23:50,2019-01-14
620,SÃO PAULO,355030833A,SP,AC Central de SP,-46.635987,-23.543311,2019-01-15 00:50:00,0.0,00:50,2019-01-15
621,SÃO PAULO,355030833A,SP,AC Central de SP,-46.635987,-23.543311,2019-01-15 01:50:00,0.0,01:50,2019-01-15
622,SÃO PAULO,355030833A,SP,AC Central de SP,-46.635987,-23.543311,2019-01-15 02:50:00,0.0,02:50,2019-01-15
623,SÃO PAULO,355030833A,SP,AC Central de SP,-46.635987,-23.543311,2019-01-15 03:50:00,0.0,03:50,2019-01-15
624,SÃO PAULO,355030833A,SP,AC Central de SP,-46.635987,-23.543311,2019-01-15 04:50:00,0.0,04:50,2019-01-15
625,SÃO PAULO,355030833A,SP,AC Central de SP,-46.635987,-23.543311,2019-01-15 05:50:00,0.0,05:50,2019-01-15
626,SÃO PAULO,355030833A,SP,AC Central de SP,-46.635987,-23.543311,2019-01-15 06:50:00,0.0,06:50,2019-01-15
627,SÃO PAULO,355030833A,SP,AC Central de SP,-46.635987,-23.543311,2019-01-15 07:50:00,0.0,07:50,2019-01-15
628,SÃO PAULO,355030833A,SP,AC Central de SP,-46.635987,-23.543311,2019-01-15 08:50:00,0.0,08:50,2019-01-15
629,SÃO PAULO,355030833A,SP,AC Central de SP,-46.635987,-23.543311,2019-01-15 09:50:00,0.0,09:50,2019-01-15
630,SÃO PAULO,355030833A,SP,AC Central de SP,-46.635987,-23.543311,2019-01-15 10:50:00,0.0,10:50,2019-01-15
631,SÃO PAULO,355030833A,SP,AC Central de SP,-46.635987,-23.543311,2019-01-15 11:50:00,0.0,11:50,2019-01-15
632,SÃO PAULO,355030833A,SP,AC Central de SP,-46.635987,-23.543311,2019-01-15 12:50:00,0.0,12:50,2019-01-15
633,SÃO PAULO,355030833A,SP,AC Central de SP,-46.635987,-23.543311,2019-01-15 13:50:00,0.0,13:50,2019-01-15
634,SÃO PAULO,355030833A,SP,AC Central de SP,-46.635987,-23.543311,2019-01-15 14:50:00,0.0,14:50,2019-01-15
635,SÃO PAULO,355030833A,SP,AC Central de SP,-46.635987,-23.543311,2019-01-15 15:50:00,0.0,15:50,2019-01-15
636,SÃO PAULO,355030833A,SP,AC Central de SP,-46.635987,-23.543311,2019-01-15 16:50:00,0.0,16:50,2019-01-15
637,SÃO PAULO,355030833A,SP,AC Central de SP,-46.635987,-23.543311,2019-01-15 17:50:00,0.0,17:50,2019-01-15
638,SÃO PAULO,355030833A,SP,AC Central de SP,-46.635987,-23.543311,2019-01-15 18:50:00,0.0,18:50,2019-01-15
639,SÃO PAULO,355030833A,SP,AC Central de SP,-46.635987,-23.543311,2019-01-15 19:50:00,0.0,19:50,2019-01-15
640,SÃO PAULO,355030833A,SP,AC Central de SP,-46.635987,-23.543311,2019-01-15 20:50:00,0.0,20:50,2019-01-15
641,SÃO PAULO,355030833A,SP,AC Central de SP,-46.635987,-23.543311,2019-01-15 21:50:00,0.0,21:50,2019-01-15
642,SÃO PAULO,355030833A,SP,AC Central de SP,-46.635987,-23.543311,2019-01-15 22:50:00,0.0,22:50,2019-01-15
643,SÃO PAULO,355030833A,SP,AC Central de SP,-46.635987,-23.543311,2019-01-15 23:50:00,0.0,23:50,2019-01-15
644,SÃO PAULO,355030833A,SP,AC Central de SP,-46.635987,-23.543311,2019-01-16 00:50:00,0.0,00:50,2019-01-16
645,SÃO PAULO,355030833A,SP,AC Central de SP,-46.635987,-23.543311,2019-01-16 01:00:00,0.39,01:00,2019-01-16
646,SÃO PAULO,355030833A,SP,AC Central de SP,-46.635987,-23.543311,2019-01-16 01:10:00,0.2,01:10,2019-01-16
647,SÃO PAULO,355030833A,SP,AC Central de SP,-46.635987,-23.543311,2019-01-16 01:20:00,0.2,01:20,2019-01-16
648,SÃO PAULO,355030833A,SP,AC Central de SP,-46.635987,-23.543311,2019-01-16 01:30:00,0.2,01:30,2019-01-16
649,SÃO PAULO,355030833A,SP,AC Central de SP,-46.635987,-23.543311,2019-01-16 01:40:00,0.2,01:40,2019-01-16
650,SÃO PAULO,355030833A,SP,AC Central de SP,-46.635987,-23.543311,2019-01-16 01:50:00,0.2,01:50,2019-01-16
651,SÃO PAULO,355030833A,SP,AC Central de SP,-46.635987,-23.543311,2019-01-16 02:00:00,0.2,02:00,2019-01-16
652,SÃO PAULO,355030833A,SP,AC Central de SP,-46.635987,-23.543311,2019-01-16 02:10:00,0.2,02:10,2019-01-16
653,SÃO PAULO,355030833A,SP,AC Central de SP,-46.635987,-23.543311,2019-01-16 02:20:00,0.2,02:20,2019-01-16
654,SÃO PAULO,355030833A,SP,AC Central de SP,-46.635987,-23.543311,2019-01-16 02:40:00,0.2,02:40,2019-01-16
655,SÃO PAULO,355030833A,SP,AC Central de SP,-46.635987,-23.543311,2019-01-16 02:50:00,0.2,02:50,2019-01-16
656,SÃO PAULO,355030833A,SP,AC Central de SP,-46.635987,-23.543311,2019-01-16 03:10:00,0.2,03:10,2019-01-16
657,SÃO PAULO,355030833A,SP,AC Central de SP,-46.635987,-23.543311,2019-01-16 03:30:00,0.2,03:30,2019-01-16
658,SÃO PAULO,355030833A,SP,AC Central de SP,-46.635987,-23.543311,2019-01-16 03:50:00,0.2,03:50,2019-01-16
659,SÃO PAULO,355030833A,SP,AC Central de SP,-46.635987,-23.543311,2019-01-16 04:00:00,0.0,04:00,2019-01-16
660,SÃO PAULO,355030833A,SP,AC Central de SP,-46.635987,-23.543311,2019-01-16 04:10:00,0.2,04:10,2019-01-16
661,SÃO PAULO,355030833A,SP,AC Central de SP,-46.635987,-23.543311,2019-01-16 04:30:00,0.2,04:30,2019-01-16
662,SÃO PAULO,355030833A,SP,AC Central de SP,-46.635987,-23.543311,2019-01-16 04:50:00,0.0,04:50,2019-01-16
663,SÃO PAULO,355030833A,SP,AC Central de SP,-46.635987,-23.543311,2019-01-16 05:00:00,0.2,05:00,2019-01-16
664,SÃO PAULO,355030833A,SP,AC Central de SP,-46.635987,-23.543311,2019-01-16 05:30:00,0.2,05:30,2019-01-16
665,SÃO PAULO,355030833A,SP,AC Central de SP,-46.635987,-23.543311,2019-01-16 05:50:00,0.0,05:50,2019-01-16
666,SÃO PAULO,355030833A,SP,AC Central de SP,-46.635987,-23.543311,2019-01-16 06:50:00,0.0,06:50,2019-01-16
667,SÃO PAULO,355030833A,SP,AC Central de SP,-46.635987,-23.543311,2019-01-16 07:50:00,0.0,07:50,2019-01-16
668,SÃO PAULO,355030833A,SP,AC Central de SP,-46.635987,-23.543311,2019-01-16 08:50:00,0.0,08:50,2019-01-16
669,SÃO PAULO,355030833A,SP,AC Central de SP,-46.635987,-23.543311,2019-01-16 09:50:00,0.0,09:50,2019-01-16
670,SÃO PAULO,355030833A,SP,AC Central de SP,-46.635987,-23.543311,2019-01-16 10:50:00,0.0,10:50,2019-01-16
671,SÃO PAULO,355030833A,SP,AC Central de SP,-46.635987,-23.543311,2019-01-16 11:50:00,0.0,11:50,2019-01-16
672,SÃO PAULO,355030833A,SP,AC Central de SP,-46.635987,-23.543311,2019-01-16 12:50:00,0.0,12:50,2019-01-16
673,SÃO PAULO,355030833A,SP,AC Central de SP,-46.635987,-23.543311,2019-01-16 13:50:00,0.0,13:50,2019-01-16
674,SÃO PAULO,355030833A,SP,AC Central de SP,-46.635987,-23.543311,2019-01-16 14:50:00,0.0,14:50,2019-01-16
675,SÃO PAULO,355030833A,SP,AC Central de SP,-46.635987,-23.543311,2019-01-16 15:50:00,0.0,15:50,2019-01-16
676,SÃO PAULO,355030833A,SP,AC Central de SP,-46.635987,-23.543311,2019-01-16 16:50:00,0.0,16:50,2019-01-16
677,SÃO PAULO,355030833A,SP,AC Central de SP,-46.635987,-23.543311,2019-01-16 17:50:00,0.0,17:50,2019-01-16
678,SÃO PAULO,355030833A,SP,AC Central de SP,-46.635987,-23.543311,2019-01-16 18:50:00,0.0,18:50,2019-01-16
679,SÃO PAULO,355030833A,SP,AC Central de SP,-46.635987,-23.543311,2019-01-16 19:50:00,0.0,19:50,2019-01-16
680,SÃO PAULO,355030833A,SP,AC Central de SP,-46.635987,-23.543311,2019-01-16 20:50:00,0.0,20:50,2019-01-16
681,SÃO PAULO,355030833A,SP,AC Central de SP,-46.635987,-23.543311,2019-01-16 21:40:00,0.39,21:40,2019-01-16
682,SÃO PAULO,355030833A,SP,AC Central de SP,-46.635987,-23.543311,2019-01-16 21:50:00,0.2,21:50,2019-01-16
683,SÃO PAULO,355030833A,SP,AC Central de SP,-46.635987,-23.543311,2019-01-16 22:10:00,0.2,22:10,2019-01-16
684,SÃO PAULO,355030833A,SP,AC Central de SP,-46.635987,-23.543311,2019-01-16 22:20:00,0.2,22:20,2019-01-16
685,SÃO PAULO,355030833A,SP,AC Central de SP,-46.635987,-23.543311,2019-01-16 22:40:00,0.2,22:40,2019-01-16
686,SÃO PAULO,355030833A,SP,AC Central de SP,-46.635987,-23.543311,2019-01-16 22:50:00,0.0,22:50,2019-01-16
687,SÃO PAULO,355030833A,SP,AC Central de SP,-46.635987,-23.543311,2019-01-16 23:00:00,0.2,23:00,2019-01-16
688,SÃO PAULO,355030833A,SP,AC Central de SP,-46.635987,-23.543311,2019-01-16 23:50:00,0.0,23:50,2019-01-16
689,SÃO PAULO,355030833A,SP,AC Central de SP,-46.635987,-23.543311,2019-01-17 00:50:00,0.0,00:50,2019-01-17
690,SÃO PAULO,355030833A,SP,AC Central de SP,-46.635987,-23.543311,2019-01-17 01:30:00,0.2,01:30,2019-01-17
691,SÃO PAULO,355030833A,SP,AC Central de SP,-46.635987,-23.543311,2019-01-17 01:50:00,0.0,01:50,2019-01-17
692,SÃO PAULO,355030833A,SP,AC Central de SP,-46.635987,-23.543311,2019-01-17 02:50:00,0.0,02:50,2019-01-17
693,SÃO PAULO,355030833A,SP,AC Central de SP,-46.635987,-23.543311,2019-01-17 03:50:00,0.0,03:50,2019-01-17
694,SÃO PAULO,355030833A,SP,AC Central de SP,-46.635987,-23.543311,2019-01-17 04:50:00,0.0,04:50,2019-01-17
695,SÃO PAULO,355030833A,SP,AC Central de SP,-46.635987,-23.543311,2019-01-17 05:50:00,0.0,05:50,2019-01-17
696,SÃO PAULO,355030833A,SP,AC Central de SP,-46.635987,-23.543311,2019-01-17 06:50:00,0.0,06:50,2019-01-17
697,SÃO PAULO,355030833A,SP,AC Central de SP,-46.635987,-23.543311,2019-01-17 07:50:00,0.0,07:50,2019-01-17
698,SÃO PAULO,355030833A,SP,AC Central de SP,-46.635987,-23.543311,2019-01-17 08:50:00,0.0,08:50,2019-01-17
699,SÃO PAULO,355030833A,SP,AC Central de SP,-46.635987,-23.543311,2019-01-17 09:50:00,0.0,09:50,2019-01-17
700,SÃO PAULO,355030833A,SP,AC Central de SP,-46.635987,-23.543311,2019-01-17 10:50:00,0.0,10:50,2019-01-17
701,SÃO PAULO,355030833A,SP,AC Central de SP,-46.635987,-23.543311,2019-01-17 11:50:00,0.0,11:50,2019-01-17
702,SÃO PAULO,355030833A,SP,AC Central de SP,-46.635987,-23.543311,2019-01-17 12:50:00,0.0,12:50,2019-01-17
703,SÃO PAULO,355030833A,SP,AC Central de SP,-46.635987,-23.543311,2019-01-17 13:50:00,0.0,13:50,2019-01-17
704,SÃO PAULO,355030833A,SP,AC Central de SP,-46.635987,-23.543311,2019-01-17 14:50:00,0.0,14:50,2019-01-17
705,SÃO PAULO,355030833A,SP,AC Central de SP,-46.635987,-23.543311,2019-01-17 15:50:00,0.0,15:50,2019-01-17
706,SÃO PAULO,355030833A,SP,AC Central de SP,-46.635987,-23.543311,2019-01-17 16:50:00,0.0,16:50,2019-01-17
707,SÃO PAULO,355030833A,SP,AC Central de SP,-46.635987,-23.543311,2019-01-17 17:50:00,0.0,17:50,2019-01-17
708,SÃO PAULO,355030833A,SP,AC Central de SP,-46.635987,-23.543311,2019-01-17 18:50:00,0.0,18:50,2019-01-17
709,SÃO PAULO,355030833A,SP,AC Central de SP,-46.635987,-23.543311,2019-01-17 19:50:00,0.0,19:50,2019-01-17
710,SÃO PAULO,355030833A,SP,AC Central de SP,-46.635987,-23.543311,2019-01-17 20:10:00,0.2,20:10,2019-01-17
711,SÃO PAULO,355030833A,SP,AC Central de SP,-46.635987,-23.543311,2019-01-17 20:20:00,0.2,20:20,2019-01-17
712,SÃO PAULO,355030833A,SP,AC Central de SP,-46.635987,-23.543311,2019-01-17 20:30:00,0.2,20:30,2019-01-17
713,SÃO PAULO,355030833A,SP,AC Central de SP,-46.635987,-23.543311,2019-01-17 20:40:00,0.39,20:40,2019-01-17
714,SÃO PAULO,355030833A,SP,AC Central de SP,-46.635987,-23.543311,2019-01-17 20:50:00,0.2,20:50,2019-01-17
715,SÃO PAULO,355030833A,SP,AC Central de SP,-46.635987,-23.543311,2019-01-17 21:00:00,0.2,21:00,2019-01-17
716,SÃO PAULO,355030833A,SP,AC Central de SP,-46.635987,-23.543311,2019-01-17 21:10:00,0.2,21:10,2019-01-17
717,SÃO PAULO,355030833A,SP,AC Central de SP,-46.635987,-23.543311,2019-01-17 21:20:00,0.39,21:20,2019-01-17
718,SÃO PAULO,355030833A,SP,AC Central de SP,-46.635987,-23.543311,2019-01-17 21:30:00,0.2,21:30,2019-01-17
719,SÃO PAULO,355030833A,SP,AC Central de SP,-46.635987,-23.543311,2019-01-17 21:40:00,0.2,21:40,2019-01-17
720,SÃO PAULO,355030833A,SP,AC Central de SP,-46.635987,-23.543311,2019-01-17 21:50:00,0.2,21:50,2019-01-17
721,SÃO PAULO,355030833A,SP,AC Central de SP,-46.635987,-23.543311,2019-01-17 22:00:00,0.2,22:00,2019-01-17
722,SÃO PAULO,355030833A,SP,AC Central de SP,-46.635987,-23.543311,2019-01-17 22:10:00,0.2,22:10,2019-01-17
723,SÃO PAULO,355030833A,SP,AC Central de SP,-46.635987,-23.543311,2019-01-17 22:20:00,0.2,22:20,2019-01-17
724,SÃO PAULO,355030833A,SP,AC Central de SP,-46.635987,-23.543311,2019-01-17 22:30:00,0.2,22:30,2019-01-17
725,SÃO PAULO,355030833A,SP,AC Central de SP,-46.635987,-23.543311,2019-01-17 22:40:00,0.2,22:40,2019-01-17
726,SÃO PAULO,355030833A,SP,AC Central de SP,-46.635987,-23.543311,2019-01-17 22:50:00,0.2,22:50,2019-01-17
727,SÃO PAULO,355030833A,SP,AC Central de SP,-46.635987,-23.543311,2019-01-17 23:00:00,0.2,23:00,2019-01-17
728,SÃO PAULO,355030833A,SP,AC Central de SP,-46.635987,-23.543311,2019-01-17 23:10:00,0.2,23:10,2019-01-17
729,SÃO PAULO,355030833A,SP,AC Central de SP,-46.635987,-23.543311,2019-01-17 23:30:00,0.2,23:30,2019-01-17
730,SÃO PAULO,355030833A,SP,AC Central de SP,-46.635987,-23.543311,2019-01-17 23:40:00,0.2,23:40,2019-01-17
731,SÃO PAULO,355030833A,SP,AC Central de SP,-46.635987,-23.543311,2019-01-17 23:50:00,0.0,23:50,2019-01-17
732,SÃO PAULO,355030833A,SP,AC Central de SP,-46.635987,-23.543311,2019-01-18 00:00:00,0.2,00:00,2019-01-18
733,SÃO PAULO,355030833A,SP,AC Central de SP,-46.635987,-23.543311,2019-01-18 00:10:00,0.2,00:10,2019-01-18
734,SÃO PAULO,355030833A,SP,AC Central de SP,-46.635987,-23.543311,2019-01-18 00:20:00,0.2,00:20,2019-01-18
735,SÃO PAULO,355030833A,SP,AC Central de SP,-46.635987,-23.543311,2019-01-18 00:40:00,0.2,00:40,2019-01-18
736,SÃO PAULO,355030833A,SP,AC Central de SP,-46.635987,-23.543311,2019-01-18 00:50:00,0.2,00:50,2019-01-18
737,SÃO PAULO,355030833A,SP,AC Central de SP,-46.635987,-23.543311,2019-01-18 01:10:00,0.2,01:10,2019-01-18
738,SÃO PAULO,355030833A,SP,AC Central de SP,-46.635987,-23.543311,2019-01-18 01:30:00,0.2,01:30,2019-01-18
739,SÃO PAULO,355030833A,SP,AC Central de SP,-46.635987,-23.543311,2019-01-18 01:40:00,0.2,01:40,2019-01-18
740,SÃO PAULO,355030833A,SP,AC Central de SP,-46.635987,-23.543311,2019-01-18 02:00:00,0.2,02:00,2019-01-18
741,SÃO PAULO,355030833A,SP,AC Central de SP,-46.635987,-23.543311,2019-01-18 02:20:00,0.2,02:20,2019-01-18
742,SÃO PAULO,355030833A,SP,AC Central de SP,-46.635987,-23.543311,2019-01-18 02:40:00,0.2,02:40,2019-01-18
743,SÃO PAULO,355030833A,SP,AC Central de SP,-46.635987,-23.543311,2019-01-18 02:50:00,0.0,02:50,2019-01-18
744,SÃO PAULO,355030833A,SP,AC Central de SP,-46.635987,-23.543311,2019-01-18 03:00:00,0.2,03:00,2019-01-18
745,SÃO PAULO,355030833A,SP,AC Central de SP,-46.635987,-23.543311,2019-01-18 03:20:00,0.2,03:20,2019-01-18
746,SÃO PAULO,355030833A,SP,AC Central de SP,-46.635987,-23.543311,2019-01-18 03:40:00,0.2,03:40,2019-01-18
747,SÃO PAULO,355030833A,SP,AC Central de SP,-46.635987,-23.543311,2019-01-18 03:50:00,0.0,03:50,2019-01-18
748,SÃO PAULO,355030833A,SP,AC Central de SP,-46.635987,-23.543311,2019-01-18 04:10:00,0.2,04:10,2019-01-18
749,SÃO PAULO,355030833A,SP,AC Central de SP,-46.635987,-23.543311,2019-01-18 04:30:00,0.2,04:30,2019-01-18
750,SÃO PAULO,355030833A,SP,AC Central de SP,-46.635987,-23.543311,2019-01-18 04:50:00,0.2,04:50,2019-01-18
751,SÃO PAULO,355030833A,SP,AC Central de SP,-46.635987,-23.543311,2019-01-18 05:10:00,0.2,05:10,2019-01-18
752,SÃO PAULO,355030833A,SP,AC Central de SP,-46.635987,-23.543311,2019-01-18 05:40:00,0.2,05:40,2019-01-18
753,SÃO PAULO,355030833A,SP,AC Central de SP,-46.635987,-23.543311,2019-01-18 05:50:00,0.0,05:50,2019-01-18
754,SÃO PAULO,355030833A,SP,AC Central de SP,-46.635987,-23.543311,2019-01-18 06:00:00,0.2,06:00,2019-01-18
755,SÃO PAULO,355030833A,SP,AC Central de SP,-46.635987,-23.543311,2019-01-18 06:30:00,0.2,06:30,2019-01-18
756,SÃO PAULO,355030833A,SP,AC Central de SP,-46.635987,-23.543311,2019-01-18 06:50:00,0.0,06:50,2019-01-18
757,SÃO PAULO,355030833A,SP,AC Central de SP,-46.635987,-23.543311,2019-01-18 07:00:00,0.2,07:00,2019-01-18
758,SÃO PAULO,355030833A,SP,AC Central de SP,-46.635987,-23.543311,2019-01-18 07:20:00,0.2,07:20,2019-01-18
759,SÃO PAULO,355030833A,SP,AC Central de SP,-46.635987,-23.543311,2019-01-18 07:50:00,0.2,07:50,2019-01-18
760,SÃO PAULO,355030833A,SP,AC Central de SP,-46.635987,-23.543311,2019-01-18 08:20:00,0.2,08:20,2019-01-18
761,SÃO PAULO,355030833A,SP,AC Central de SP,-46.635987,-23.543311,2019-01-18 08:50:00,0.2,08:50,2019-01-18
762,SÃO PAULO,355030833A,SP,AC Central de SP,-46.635987,-23.543311,2019-01-18 09:20:00,0.2,09:20,2019-01-18
763,SÃO PAULO,355030833A,SP,AC Central de SP,-46.635987,-23.543311,2019-01-18 09:50:00,0.2,09:50,2019-01-18
764,SÃO PAULO,355030833A,SP,AC Central de SP,-46.635987,-23.543311,2019-01-18 10:20:00,0.2,10:20,2019-01-18
765,SÃO PAULO,355030833A,SP,AC Central de SP,-46.635987,-23.543311,2019-01-18 10:50:00,0.2,10:50,2019-01-18
766,SÃO PAULO,355030833A,SP,AC Central de SP,-46.635987,-23.543311,2019-01-18 11:30:00,0.2,11:30,2019-01-18
767,SÃO PAULO,355030833A,SP,AC Central de SP,-46.635987,-23.543311,2019-01-18 11:50:00,0.0,11:50,2019-01-18
768,SÃO PAULO,355030833A,SP,AC Central de SP,-46.635987,-23.543311,2019-01-18 12:00:00,0.2,12:00,2019-01-18
769,SÃO PAULO,355030833A,SP,AC Central de SP,-46.635987,-23.543311,2019-01-18 12:30:00,0.2,12:30,2019-01-18
770,SÃO PAULO,355030833A,SP,AC Central de SP,-46.635987,-23.543311,2019-01-18 12:50:00,0.0,12:50,2019-01-18
771,SÃO PAULO,355030833A,SP,AC Central de SP,-46.635987,-23.543311,2019-01-18 13:10:00,0.2,13:10,2019-01-18
772,SÃO PAULO,355030833A,SP,AC Central de SP,-46.635987,-23.543311,2019-01-18 13:40:00,0.2,13:40,2019-01-18
773,SÃO PAULO,355030833A,SP,AC Central de SP,-46.635987,-23.543311,2019-01-18 14:00:00,0.0,14:00,2019-01-18
774,SÃO PAULO,355030833A,SP,AC Central de SP,-46.635987,-23.543311,2019-01-18 14:20:00,0.2,14:20,2019-01-18
775,SÃO PAULO,355030833A,SP,AC Central de SP,-46.635987,-23.543311,2019-01-18 14:50:00,0.0,14:50,2019-01-18
776,SÃO PAULO,355030833A,SP,AC Central de SP,-46.635987,-23.543311,2019-01-18 15:10:00,0.2,15:10,2019-01-18
777,SÃO PAULO,355030833A,SP,AC Central de SP,-46.635987,-23.543311,2019-01-18 15:50:00,0.2,15:50,2019-01-18
778,SÃO PAULO,355030833A,SP,AC Central de SP,-46.635987,-23.543311,2019-01-18 16:30:00,0.2,16:30,2019-01-18
779,SÃO PAULO,355030833A,SP,AC Central de SP,-46.635987,-23.543311,2019-01-18 16:50:00,0.0,16:50,2019-01-18
780,SÃO PAULO,355030833A,SP,AC Central de SP,-46.635987,-23.543311,2019-01-18 17:10:00,0.2,17:10,2019-01-18
781,SÃO PAULO,355030833A,SP,AC Central de SP,-46.635987,-23.543311,2019-01-18 17:50:00,0.2,17:50,2019-01-18
782,SÃO PAULO,355030833A,SP,AC Central de SP,-46.635987,-23.543311,2019-01-18 18:30:00,0.2,18:30,2019-01-18
783,SÃO PAULO,355030833A,SP,AC Central de SP,-46.635987,-23.543311,2019-01-18 18:50:00,0.0,18:50,2019-01-18
784,SÃO PAULO,355030833A,SP,AC Central de SP,-46.635987,-23.543311,2019-01-18 19:10:00,0.2,19:10,2019-01-18
785,SÃO PAULO,355030833A,SP,AC Central de SP,-46.635987,-23.543311,2019-01-18 19:40:00,0.2,19:40,2019-01-18
786,SÃO PAULO,355030833A,SP,AC Central de SP,-46.635987,-23.543311,2019-01-18 19:50:00,0.0,19:50,2019-01-18
787,SÃO PAULO,355030833A,SP,AC Central de SP,-46.635987,-23.543311,2019-01-18 20:20:00,0.2,20:20,2019-01-18
788,SÃO PAULO,355030833A,SP,AC Central de SP,-46.635987,-23.543311,2019-01-18 20:50:00,0.0,20:50,2019-01-18
789,SÃO PAULO,355030833A,SP,AC Central de SP,-46.635987,-23.543311,2019-01-18 21:00:00,0.2,21:00,2019-01-18
790,SÃO PAULO,355030833A,SP,AC Central de SP,-46.635987,-23.543311,2019-01-18 21:40:00,0.2,21:40,2019-01-18
791,SÃO PAULO,355030833A,SP,AC Central de SP,-46.635987,-23.543311,2019-01-18 21:50:00,0.0,21:50,2019-01-18
792,SÃO PAULO,355030833A,SP,AC Central de SP,-46.635987,-23.543311,2019-01-18 22:30:00,0.2,22:30,2019-01-18
793,SÃO PAULO,355030833A,SP,AC Central de SP,-46.635987,-23.543311,2019-01-18 22:50:00,0.0,22:50,2019-01-18
794,SÃO PAULO,355030833A,SP,AC Central de SP,-46.635987,-23.543311,2019-01-18 23:10:00,0.2,23:10,2019-01-18
795,SÃO PAULO,355030833A,SP,AC Central de SP,-46.635987,-23.543311,2019-01-18 23:50:00,0.0,23:50,2019-01-18
796,SÃO PAULO,355030833A,SP,AC Central de SP,-46.635987,-23.543311,2019-01-19 00:00:00,0.2,00:00,2019-01-19
797,SÃO PAULO,355030833A,SP,AC Central de SP,-46.635987,-23.543311,2019-01-19 00:40:00,0.2,00:40,2019-01-19
798,SÃO PAULO,355030833A,SP,AC Central de SP,-46.635987,-23.543311,2019-01-19 00:50:00,0.0,00:50,2019-01-19
799,SÃO PAULO,355030833A,SP,AC Central de SP,-46.635987,-23.543311,2019-01-19 01:30:00,0.2,01:30,2019-01-19
800,SÃO PAULO,355030833A,SP,AC Central de SP,-46.635987,-23.543311,2019-01-19 01:50:00,0.0,01:50,2019-01-19
801,SÃO PAULO,355030833A,SP,AC Central de SP,-46.635987,-23.543311,2019-01-19 02:10:00,0.2,02:10,2019-01-19
802,SÃO PAULO,355030833A,SP,AC Central de SP,-46.635987,-23.543311,2019-01-19 02:50:00,0.0,02:50,2019-01-19
803,SÃO PAULO,355030833A,SP,AC Central de SP,-46.635987,-23.543311,2019-01-19 03:00:00,0.2,03:00,2019-01-19
804,SÃO PAULO,355030833A,SP,AC Central de SP,-46.635987,-23.543311,2019-01-19 03:50:00,0.2,03:50,2019-01-19
805,SÃO PAULO,355030833A,SP,AC Central de SP,-46.635987,-23.543311,2019-01-19 04:50:00,0.2,04:50,2019-01-19
806,SÃO PAULO,355030833A,SP,AC Central de SP,-46.635987,-23.543311,2019-01-19 05:00:00,0.0,05:00,2019-01-19
807,SÃO PAULO,355030833A,SP,AC Central de SP,-46.635987,-23.543311,2019-01-19 05:30:00,0.2,05:30,2019-01-19
808,SÃO PAULO,355030833A,SP,AC Central de SP,-46.635987,-23.543311,2019-01-19 05:50:00,0.0,05:50,2019-01-19
809,SÃO PAULO,355030833A,SP,AC Central de SP,-46.635987,-23.543311,2019-01-19 06:30:00,0.2,06:30,2019-01-19
810,SÃO PAULO,355030833A,SP,AC Central de SP,-46.635987,-23.543311,2019-01-19 06:50:00,0.0,06:50,2019-01-19
811,SÃO PAULO,355030833A,SP,AC Central de SP,-46.635987,-23.543311,2019-01-19 07:20:00,0.2,07:20,2019-01-19
812,SÃO PAULO,355030833A,SP,AC Central de SP,-46.635987,-23.543311,2019-01-19 07:50:00,0.0,07:50,2019-01-19
813,SÃO PAULO,355030833A,SP,AC Central de SP,-46.635987,-23.543311,2019-01-19 08:10:00,0.2,08:10,2019-01-19
814,SÃO PAULO,355030833A,SP,AC Central de SP,-46.635987,-23.543311,2019-01-19 08:50:00,0.0,08:50,2019-01-19
815,SÃO PAULO,355030833A,SP,AC Central de SP,-46.635987,-23.543311,2019-01-19 09:10:00,0.2,09:10,2019-01-19
816,SÃO PAULO,355030833A,SP,AC Central de SP,-46.635987,-23.543311,2019-01-19 09:50:00,0.0,09:50,2019-01-19
817,SÃO PAULO,355030833A,SP,AC Central de SP,-46.635987,-23.543311,2019-01-19 10:00:00,0.2,10:00,2019-01-19
818,SÃO PAULO,355030833A,SP,AC Central de SP,-46.635987,-23.543311,2019-01-19 10:50:00,0.2,10:50,2019-01-19
819,SÃO PAULO,355030833A,SP,AC Central de SP,-46.635987,-23.543311,2019-01-19 11:40:00,0.2,11:40,2019-01-19
820,SÃO PAULO,355030833A,SP,AC Central de SP,-46.635987,-23.543311,2019-01-19 12:20:00,0.2,12:20,2019-01-19
821,SÃO PAULO,355030833A,SP,AC Central de SP,-46.635987,-23.543311,2019-01-19 12:50:00,0.0,12:50,2019-01-19
822,SÃO PAULO,355030833A,SP,AC Central de SP,-46.635987,-23.543311,2019-01-19 13:10:00,0.2,13:10,2019-01-19
823,SÃO PAULO,355030833A,SP,AC Central de SP,-46.635987,-23.543311,2019-01-19 13:50:00,0.0,13:50,2019-01-19
824,SÃO PAULO,355030833A,SP,AC Central de SP,-46.635987,-23.543311,2019-01-19 14:00:00,0.2,14:00,2019-01-19
825,SÃO PAULO,355030833A,SP,AC Central de SP,-46.635987,-23.543311,2019-01-19 14:50:00,0.0,14:50,2019-01-19
826,SÃO PAULO,355030833A,SP,AC Central de SP,-46.635987,-23.543311,2019-01-19 15:00:00,0.2,15:00,2019-01-19
827,SÃO PAULO,355030833A,SP,AC Central de SP,-46.635987,-23.543311,2019-01-19 15:50:00,0.0,15:50,2019-01-19
828,SÃO PAULO,355030833A,SP,AC Central de SP,-46.635987,-23.543311,2019-01-19 16:00:00,0.2,16:00,2019-01-19
829,SÃO PAULO,355030833A,SP,AC Central de SP,-46.635987,-23.543311,2019-01-19 16:50:00,0.0,16:50,2019-01-19
830,SÃO PAULO,355030833A,SP,AC Central de SP,-46.635987,-23.543311,2019-01-19 17:10:00,0.2,17:10,2019-01-19
831,SÃO PAULO,355030833A,SP,AC Central de SP,-46.635987,-23.543311,2019-01-19 17:50:00,0.0,17:50,2019-01-19
832,SÃO PAULO,355030833A,SP,AC Central de SP,-46.635987,-23.543311,2019-01-19 18:20:00,0.2,18:20,2019-01-19
833,SÃO PAULO,355030833A,SP,AC Central de SP,-46.635987,-23.543311,2019-01-19 18:50:00,0.0,18:50,2019-01-19
834,SÃO PAULO,355030833A,SP,AC Central de SP,-46.635987,-23.543311,2019-01-19 19:30:00,0.2,19:30,2019-01-19
835,SÃO PAULO,355030833A,SP,AC Central de SP,-46.635987,-23.543311,2019-01-19 19:50:00,0.0,19:50,2019-01-19
836,SÃO PAULO,355030833A,SP,AC Central de SP,-46.635987,-23.543311,2019-01-19 20:50:00,0.2,20:50,2019-01-19
837,SÃO PAULO,355030833A,SP,AC Central de SP,-46.635987,-23.543311,2019-01-19 21:50:00,0.0,21:50,2019-01-19
838,SÃO PAULO,355030833A,SP,AC Central de SP,-46.635987,-23.543311,2019-01-19 22:00:00,0.2,22:00,2019-01-19
839,SÃO PAULO,355030833A,SP,AC Central de SP,-46.635987,-23.543311,2019-01-19 22:50:00,0.0,22:50,2019-01-19
840,SÃO PAULO,355030833A,SP,AC Central de SP,-46.635987,-23.543311,2019-01-19 23:10:00,0.2,23:10,2019-01-19
841,SÃO PAULO,355030833A,SP,AC Central de SP,-46.635987,-23.543311,2019-01-19 23:50:00,0.0,23:50,2019-01-19
842,SÃO PAULO,355030833A,SP,AC Central de SP,-46.635987,-23.543311,2019-01-20 00:30:00,0.2,00:30,2019-01-20
843,SÃO PAULO,355030833A,SP,AC Central de SP,-46.635987,-23.543311,2019-01-20 00:50:00,0.0,00:50,2019-01-20
844,SÃO PAULO,355030833A,SP,AC Central de SP,-46.635987,-23.543311,2019-01-20 01:50:00,0.2,01:50,2019-01-20
845,SÃO PAULO,355030833A,SP,AC Central de SP,-46.635987,-23.543311,2019-01-20 02:50:00,0.0,02:50,2019-01-20
846,SÃO PAULO,355030833A,SP,AC Central de SP,-46.635987,-23.543311,2019-01-20 03:10:00,0.2,03:10,2019-01-20
847,SÃO PAULO,355030833A,SP,AC Central de SP,-46.635987,-23.543311,2019-01-20 03:50:00,0.0,03:50,2019-01-20
848,SÃO PAULO,355030833A,SP,AC Central de SP,-46.635987,-23.543311,2019-01-20 04:40:00,0.2,04:40,2019-01-20
849,SÃO PAULO,355030833A,SP,AC Central de SP,-46.635987,-23.543311,2019-01-20 04:50:00,0.0,04:50,2019-01-20
850,SÃO PAULO,355030833A,SP,AC Central de SP,-46.635987,-23.543311,2019-01-20 05:50:00,0.0,05:50,2019-01-20
851,SÃO PAULO,355030833A,SP,AC Central de SP,-46.635987,-23.543311,2019-01-20 06:00:00,0.2,06:00,2019-01-20
852,SÃO PAULO,355030833A,SP,AC Central de SP,-46.635987,-23.543311,2019-01-20 06:50:00,0.0,06:50,2019-01-20
853,SÃO PAULO,355030833A,SP,AC Central de SP,-46.635987,-23.543311,2019-01-20 07:20:00,0.2,07:20,2019-01-20
854,SÃO PAULO,355030833A,SP,AC Central de SP,-46.635987,-23.543311,2019-01-20 07:50:00,0.0,07:50,2019-01-20
855,SÃO PAULO,355030833A,SP,AC Central de SP,-46.635987,-23.543311,2019-01-20 08:40:00,0.2,08:40,2019-01-20
856,SÃO PAULO,355030833A,SP,AC Central de SP,-46.635987,-23.543311,2019-01-20 08:50:00,0.0,08:50,2019-01-20
857,SÃO PAULO,355030833A,SP,AC Central de SP,-46.635987,-23.543311,2019-01-20 09:50:00,0.0,09:50,2019-01-20
858,SÃO PAULO,355030833A,SP,AC Central de SP,-46.635987,-23.543311,2019-01-20 10:10:00,0.2,10:10,2019-01-20
859,SÃO PAULO,355030833A,SP,AC Central de SP,-46.635987,-23.543311,2019-01-20 10:50:00,0.0,10:50,2019-01-20
860,SÃO PAULO,355030833A,SP,AC Central de SP,-46.635987,-23.543311,2019-01-20 11:30:00,0.2,11:30,2019-01-20
861,SÃO PAULO,355030833A,SP,AC Central de SP,-46.635987,-23.543311,2019-01-20 11:50:00,0.0,11:50,2019-01-20
862,SÃO PAULO,355030833A,SP,AC Central de SP,-46.635987,-23.543311,2019-01-20 12:40:00,0.2,12:40,2019-01-20
863,SÃO PAULO,355030833A,SP,AC Central de SP,-46.635987,-23.543311,2019-01-20 12:50:00,0.0,12:50,2019-01-20
864,SÃO PAULO,355030833A,SP,AC Central de SP,-46.635987,-23.543311,2019-01-20 13:50:00,0.0,13:50,2019-01-20
865,SÃO PAULO,355030833A,SP,AC Central de SP,-46.635987,-23.543311,2019-01-20 14:50:00,0.0,14:50,2019-01-20
866,SÃO PAULO,355030833A,SP,AC Central de SP,-46.635987,-23.543311,2019-01-20 15:50:00,0.0,15:50,2019-01-20
867,SÃO PAULO,355030833A,SP,AC Central de SP,-46.635987,-23.543311,2019-01-20 16:40:00,0.2,16:40,2019-01-20
868,SÃO PAULO,355030833A,SP,AC Central de SP,-46.635987,-23.543311,2019-01-20 16:50:00,0.2,16:50,2019-01-20
869,SÃO PAULO,355030833A,SP,AC Central de SP,-46.635987,-23.543311,2019-01-20 17:10:00,0.2,17:10,2019-01-20
870,SÃO PAULO,355030833A,SP,AC Central de SP,-46.635987,-23.543311,2019-01-20 17:50:00,0.0,17:50,2019-01-20
871,SÃO PAULO,355030833A,SP,AC Central de SP,-46.635987,-23.543311,2019-01-20 18:50:00,0.0,18:50,2019-01-20
872,SÃO PAULO,355030833A,SP,AC Central de SP,-46.635987,-23.543311,2019-01-20 19:40:00,0.2,19:40,2019-01-20
873,SÃO PAULO,355030833A,SP,AC Central de SP,-46.635987,-23.543311,2019-01-20 19:50:00,0.0,19:50,2019-01-20
874,SÃO PAULO,355030833A,SP,AC Central de SP,-46.635987,-23.543311,2019-01-20 20:20:00,0.2,20:20,2019-01-20
875,SÃO PAULO,355030833A,SP,AC Central de SP,-46.635987,-23.543311,2019-01-20 20:50:00,0.0,20:50,2019-01-20
876,SÃO PAULO,355030833A,SP,AC Central de SP,-46.635987,-23.543311,2019-01-20 21:50:00,0.0,21:50,2019-01-20
877,SÃO PAULO,355030833A,SP,AC Central de SP,-46.635987,-23.543311,2019-01-20 22:50:00,0.0,22:50,2019-01-20
878,SÃO PAULO,355030833A,SP,AC Central de SP,-46.635987,-23.543311,2019-01-20 23:50:00,0.0,23:50,2019-01-20
879,SÃO PAULO,355030833A,SP,AC Central de SP,-46.635987,-23.543311,2019-01-21 00:50:00,0.0,00:50,2019-01-21
880,SÃO PAULO,355030833A,SP,AC Central de SP,-46.635987,-23.543311,2019-01-21 01:50:00,0.0,01:50,2019-01-21
881,SÃO PAULO,355030833A,SP,AC Central de SP,-46.635987,-23.543311,2019-01-21 02:50:00,0.0,02:50,2019-01-21
882,SÃO PAULO,355030833A,SP,AC Central de SP,-46.635987,-23.543311,2019-01-21 03:50:00,0.0,03:50,2019-01-21
883,SÃO PAULO,355030833A,SP,AC Central de SP,-46.635987,-23.543311,2019-01-21 04:50:00,0.0,04:50,2019-01-21
884,SÃO PAULO,355030833A,SP,AC Central de SP,-46.635987,-23.543311,2019-01-21 05:50:00,0.0,05:50,2019-01-21
885,SÃO PAULO,355030833A,SP,AC Central de SP,-46.635987,-23.543311,2019-01-21 06:50:00,0.0,06:50,2019-01-21
886,SÃO PAULO,355030833A,SP,AC Central de SP,-46.635987,-23.543311,2019-01-21 07:50:00,0.0,07:50,2019-01-21
887,SÃO PAULO,355030833A,SP,AC Central de SP,-46.635987,-23.543311,2019-01-21 08:50:00,0.0,08:50,2019-01-21
888,SÃO PAULO,355030833A,SP,AC Central de SP,-46.635987,-23.543311,2019-01-21 09:50:00,0.0,09:50,2019-01-21
889,SÃO PAULO,355030833A,SP,AC Central de SP,-46.635987,-23.543311,2019-01-21 10:50:00,0.0,10:50,2019-01-21
890,SÃO PAULO,355030833A,SP,AC Central de SP,-46.635987,-23.543311,2019-01-21 11:50:00,0.0,11:50,2019-01-21
891,SÃO PAULO,355030833A,SP,AC Central de SP,-46.635987,-23.543311,2019-01-21 12:50:00,0.0,12:50,2019-01-21
892,SÃO PAULO,355030833A,SP,AC Central de SP,-46.635987,-23.543311,2019-01-21 13:50:00,0.0,13:50,2019-01-21
893,SÃO PAULO,355030833A,SP,AC Central de SP,-46.635987,-23.543311,2019-01-21 14:50:00,0.0,14:50,2019-01-21
894,SÃO PAULO,355030833A,SP,AC Central de SP,-46.635987,-23.543311,2019-01-21 15:50:00,0.0,15:50,2019-01-21
895,SÃO PAULO,355030833A,SP,AC Central de SP,-46.635987,-23.543311,2019-01-21 16:50:00,0.0,16:50,2019-01-21
896,SÃO PAULO,355030833A,SP,AC Central de SP,-46.635987,-23.543311,2019-01-21 17:50:00,0.0,17:50,2019-01-21
897,SÃO PAULO,355030833A,SP,AC Central de SP,-46.635987,-23.543311,2019-01-21 18:50:00,0.0,18:50,2019-01-21
898,SÃO PAULO,355030833A,SP,AC Central de SP,-46.635987,-23.543311,2019-01-21 19:50:00,0.0,19:50,2019-01-21
899,SÃO PAULO,355030833A,SP,AC Central de SP,-46.635987,-23.543311,2019-01-21 20:50:00,0.0,20:50,2019-01-21
900,SÃO PAULO,355030833A,SP,AC Central de SP,-46.635987,-23.543311,2019-01-21 21:50:00,0.0,21:50,2019-01-21
901,SÃO PAULO,355030833A,SP,AC Central de SP,-46.635987,-23.543311,2019-01-21 22:50:00,0.0,22:50,2019-01-21
902,SÃO PAULO,355030833A,SP,AC Central de SP,-46.635987,-23.543311,2019-01-21 23:50:00,0.0,23:50,2019-01-21
903,SÃO PAULO,355030833A,SP,AC Central de SP,-46.635987,-23.543311,2019-01-22 00:50:00,0.0,00:50,2019-01-22
904,SÃO PAULO,355030833A,SP,AC Central de SP,-46.635987,-23.543311,2019-01-22 01:50:00,0.0,01:50,2019-01-22
905,SÃO PAULO,355030833A,SP,AC Central de SP,-46.635987,-23.543311,2019-01-22 02:50:00,0.0,02:50,2019-01-22
906,SÃO PAULO,355030833A,SP,AC Central de SP,-46.635987,-23.543311,2019-01-22 03:50:00,0.0,03:50,2019-01-22
907,SÃO PAULO,355030833A,SP,AC Central de SP,-46.635987,-23.543311,2019-01-22 04:50:00,0.0,04:50,2019-01-22
908,SÃO PAULO,355030833A,SP,AC Central de SP,-46.635987,-23.543311,2019-01-22 05:50:00,0.0,05:50,2019-01-22
909,SÃO PAULO,355030833A,SP,AC Central de SP,-46.635987,-23.543311,2019-01-22 06:50:00,0.0,06:50,2019-01-22
910,SÃO PAULO,355030833A,SP,AC Central de SP,-46.635987,-23.543311,2019-01-22 07:50:00,0.0,07:50,2019-01-22
911,SÃO PAULO,355030833A,SP,AC Central de SP,-46.635987,-23.543311,2019-01-22 08:50:00,0.0,08:50,2019-01-22
912,SÃO PAULO,355030833A,SP,AC Central de SP,-46.635987,-23.543311,2019-01-22 09:50:00,0.0,09:50,2019-01-22
913,SÃO PAULO,355030833A,SP,AC Central de SP,-46.635987,-23.543311,2019-01-22 10:50:00,0.0,10:50,2019-01-22
914,SÃO PAULO,355030833A,SP,AC Central de SP,-46.635987,-23.543311,2019-01-22 11:50:00,0.0,11:50,2019-01-22
915,SÃO PAULO,355030833A,SP,AC Central de SP,-46.635987,-23.543311,2019-01-22 12:50:00,0.0,12:50,2019-01-22
916,SÃO PAULO,355030833A,SP,AC Central de SP,-46.635987,-23.543311,2019-01-22 13:50:00,0.0,13:50,2019-01-22
917,SÃO PAULO,355030833A,SP,AC Central de SP,-46.635987,-23.543311,2019-01-22 14:50:00,0.0,14:50,2019-01-22
918,SÃO PAULO,355030833A,SP,AC Central de SP,-46.635987,-23.543311,2019-01-22 15:50:00,0.0,15:50,2019-01-22
919,SÃO PAULO,355030833A,SP,AC Central de SP,-46.635987,-23.543311,2019-01-22 16:50:00,0.0,16:50,2019-01-22
920,SÃO PAULO,355030833A,SP,AC Central de SP,-46.635987,-23.543311,2019-01-22 17:00:00,0.39,17:00,2019-01-22
921,SÃO PAULO,355030833A,SP,AC Central de SP,-46.635987,-23.543311,2019-01-22 17:10:00,0.39,17:10,2019-01-22
922,SÃO PAULO,355030833A,SP,AC Central de SP,-46.635987,-23.543311,2019-01-22 17:20:00,0.39,17:20,2019-01-22
923,SÃO PAULO,355030833A,SP,AC Central de SP,-46.635987,-23.543311,2019-01-22 17:30:00,0.2,17:30,2019-01-22
924,SÃO PAULO,355030833A,SP,AC Central de SP,-46.635987,-23.543311,2019-01-22 17:40:00,0.39,17:40,2019-01-22
925,SÃO PAULO,355030833A,SP,AC Central de SP,-46.635987,-23.543311,2019-01-22 17:50:00,0.2,17:50,2019-01-22
926,SÃO PAULO,355030833A,SP,AC Central de SP,-46.635987,-23.543311,2019-01-22 18:00:00,0.39,18:00,2019-01-22
927,SÃO PAULO,355030833A,SP,AC Central de SP,-46.635987,-23.543311,2019-01-22 18:10:00,0.2,18:10,2019-01-22
928,SÃO PAULO,355030833A,SP,AC Central de SP,-46.635987,-23.543311,2019-01-22 18:20:00,0.2,18:20,2019-01-22
929,SÃO PAULO,355030833A,SP,AC Central de SP,-46.635987,-23.543311,2019-01-22 18:30:00,0.2,18:30,2019-01-22
930,SÃO PAULO,355030833A,SP,AC Central de SP,-46.635987,-23.543311,2019-01-22 18:40:00,0.39,18:40,2019-01-22
931,SÃO PAULO,355030833A,SP,AC Central de SP,-46.635987,-23.543311,2019-01-22 18:50:00,0.2,18:50,2019-01-22
932,SÃO PAULO,355030833A,SP,AC Central de SP,-46.635987,-23.543311,2019-01-22 19:00:00,0.2,19:00,2019-01-22
933,SÃO PAULO,355030833A,SP,AC Central de SP,-46.635987,-23.543311,2019-01-22 19:10:00,0.2,19:10,2019-01-22
934,SÃO PAULO,355030833A,SP,AC Central de SP,-46.635987,-23.543311,2019-01-22 19:20:00,0.2,19:20,2019-01-22
935,SÃO PAULO,355030833A,SP,AC Central de SP,-46.635987,-23.543311,2019-01-22 19:30:00,0.2,19:30,2019-01-22
936,SÃO PAULO,355030833A,SP,AC Central de SP,-46.635987,-23.543311,2019-01-22 19:40:00,0.2,19:40,2019-01-22
937,SÃO PAULO,355030833A,SP,AC Central de SP,-46.635987,-23.543311,2019-01-22 19:50:00,0.2,19:50,2019-01-22
938,SÃO PAULO,355030833A,SP,AC Central de SP,-46.635987,-23.543311,2019-01-22 20:00:00,0.2,20:00,2019-01-22
939,SÃO PAULO,355030833A,SP,AC Central de SP,-46.635987,-23.543311,2019-01-22 20:10:00,0.2,20:10,2019-01-22
940,SÃO PAULO,355030833A,SP,AC Central de SP,-46.635987,-23.543311,2019-01-22 20:20:00,0.2,20:20,2019-01-22
941,SÃO PAULO,355030833A,SP,AC Central de SP,-46.635987,-23.543311,2019-01-22 20:30:00,0.2,20:30,2019-01-22
942,SÃO PAULO,355030833A,SP,AC Central de SP,-46.635987,-23.543311,2019-01-22 20:40:00,0.2,20:40,2019-01-22
943,SÃO PAULO,355030833A,SP,AC Central de SP,-46.635987,-23.543311,2019-01-22 20:50:00,0.2,20:50,2019-01-22
944,SÃO PAULO,355030833A,SP,AC Central de SP,-46.635987,-23.543311,2019-01-22 21:10:00,0.2,21:10,2019-01-22
945,SÃO PAULO,355030833A,SP,AC Central de SP,-46.635987,-23.543311,2019-01-22 21:20:00,0.2,21:20,2019-01-22
946,SÃO PAULO,355030833A,SP,AC Central de SP,-46.635987,-23.543311,2019-01-22 21:30:00,0.2,21:30,2019-01-22
947,SÃO PAULO,355030833A,SP,AC Central de SP,-46.635987,-23.543311,2019-01-22 21:40:00,0.2,21:40,2019-01-22
948,SÃO PAULO,355030833A,SP,AC Central de SP,-46.635987,-23.543311,2019-01-22 21:50:00,0.0,21:50,2019-01-22
949,SÃO PAULO,355030833A,SP,AC Central de SP,-46.635987,-23.543311,2019-01-22 22:00:00,0.2,22:00,2019-01-22
950,SÃO PAULO,355030833A,SP,AC Central de SP,-46.635987,-23.543311,2019-01-22 22:10:00,0.2,22:10,2019-01-22
951,SÃO PAULO,355030833A,SP,AC Central de SP,-46.635987,-23.543311,2019-01-22 22:20:00,0.2,22:20,2019-01-22
952,SÃO PAULO,355030833A,SP,AC Central de SP,-46.635987,-23.543311,2019-01-22 22:40:00,0.2,22:40,2019-01-22
953,SÃO PAULO,355030833A,SP,AC Central de SP,-46.635987,-23.543311,2019-01-22 22:50:00,0.2,22:50,2019-01-22
954,SÃO PAULO,355030833A,SP,AC Central de SP,-46.635987,-23.543311,2019-01-22 23:10:00,0.2,23:10,2019-01-22
955,SÃO PAULO,355030833A,SP,AC Central de SP,-46.635987,-23.543311,2019-01-22 23:20:00,0.2,23:20,2019-01-22
956,SÃO PAULO,355030833A,SP,AC Central de SP,-46.635987,-23.543311,2019-01-22 23:40:00,0.2,23:40,2019-01-22
957,SÃO PAULO,355030833A,SP,AC Central de SP,-46.635987,-23.543311,2019-01-22 23:50:00,0.2,23:50,2019-01-22
958,SÃO PAULO,355030833A,SP,AC Central de SP,-46.635987,-23.543311,2019-01-23 00:10:00,0.2,00:10,2019-01-23
959,SÃO PAULO,355030833A,SP,AC Central de SP,-46.635987,-23.543311,2019-01-23 00:30:00,0.2,00:30,2019-01-23
960,SÃO PAULO,355030833A,SP,AC Central de SP,-46.635987,-23.543311,2019-01-23 00:40:00,0.2,00:40,2019-01-23
961,SÃO PAULO,355030833A,SP,AC Central de SP,-46.635987,-23.543311,2019-01-23 00:50:00,0.0,00:50,2019-01-23
962,SÃO PAULO,355030833A,SP,AC Central de SP,-46.635987,-23.543311,2019-01-23 01:00:00,0.2,01:00,2019-01-23
963,SÃO PAULO,355030833A,SP,AC Central de SP,-46.635987,-23.543311,2019-01-23 01:20:00,0.2,01:20,2019-01-23
964,SÃO PAULO,355030833A,SP,AC Central de SP,-46.635987,-23.543311,2019-01-23 01:40:00,0.2,01:40,2019-01-23
965,SÃO PAULO,355030833A,SP,AC Central de SP,-46.635987,-23.543311,2019-01-23 01:50:00,0.2,01:50,2019-01-23
966,SÃO PAULO,355030833A,SP,AC Central de SP,-46.635987,-23.543311,2019-01-23 02:10:00,0.2,02:10,2019-01-23
967,SÃO PAULO,355030833A,SP,AC Central de SP,-46.635987,-23.543311,2019-01-23 02:30:00,0.2,02:30,2019-01-23
968,SÃO PAULO,355030833A,SP,AC Central de SP,-46.635987,-23.543311,2019-01-23 02:50:00,0.2,02:50,2019-01-23
969,SÃO PAULO,355030833A,SP,AC Central de SP,-46.635987,-23.543311,2019-01-23 03:00:00,0.2,03:00,2019-01-23
970,SÃO PAULO,355030833A,SP,AC Central de SP,-46.635987,-23.543311,2019-01-23 03:30:00,0.2,03:30,2019-01-23
971,SÃO PAULO,355030833A,SP,AC Central de SP,-46.635987,-23.543311,2019-01-23 03:40:00,0.2,03:40,2019-01-23
972,SÃO PAULO,355030833A,SP,AC Central de SP,-46.635987,-23.543311,2019-01-23 03:50:00,0.0,03:50,2019-01-23
973,SÃO PAULO,355030833A,SP,AC Central de SP,-46.635987,-23.543311,2019-01-23 04:00:00,0.2,04:00,2019-01-23
974,SÃO PAULO,355030833A,SP,AC Central de SP,-46.635987,-23.543311,2019-01-23 04:20:00,0.2,04:20,2019-01-23
975,SÃO PAULO,355030833A,SP,AC Central de SP,-46.635987,-23.543311,2019-01-23 04:40:00,0.2,04:40,2019-01-23
976,SÃO PAULO,355030833A,SP,AC Central de SP,-46.635987,-23.543311,2019-01-23 05:00:00,0.0,05:00,2019-01-23
977,SÃO PAULO,355030833A,SP,AC Central de SP,-46.635987,-23.543311,2019-01-23 05:10:00,0.2,05:10,2019-01-23
978,SÃO PAULO,355030833A,SP,AC Central de SP,-46.635987,-23.543311,2019-01-23 05:30:00,0.2,05:30,2019-01-23
979,SÃO PAULO,355030833A,SP,AC Central de SP,-46.635987,-23.543311,2019-01-23 05:50:00,0.2,05:50,2019-01-23
980,SÃO PAULO,355030833A,SP,AC Central de SP,-46.635987,-23.543311,2019-01-23 06:10:00,0.2,06:10,2019-01-23
981,SÃO PAULO,355030833A,SP,AC Central de SP,-46.635987,-23.543311,2019-01-23 06:40:00,0.2,06:40,2019-01-23
982,SÃO PAULO,355030833A,SP,AC Central de SP,-46.635987,-23.543311,2019-01-23 06:50:00,0.0,06:50,2019-01-23
983,SÃO PAULO,355030833A,SP,AC Central de SP,-46.635987,-23.543311,2019-01-23 07:00:00,0.2,07:00,2019-01-23
984,SÃO PAULO,355030833A,SP,AC Central de SP,-46.635987,-23.543311,2019-01-23 07:30:00,0.2,07:30,2019-01-23
985,SÃO PAULO,355030833A,SP,AC Central de SP,-46.635987,-23.543311,2019-01-23 07:50:00,0.2,07:50,2019-01-23
986,SÃO PAULO,355030833A,SP,AC Central de SP,-46.635987,-23.543311,2019-01-23 08:20:00,0.2,08:20,2019-01-23
987,SÃO PAULO,355030833A,SP,AC Central de SP,-46.635987,-23.543311,2019-01-23 08:50:00,0.2,08:50,2019-01-23
988,SÃO PAULO,355030833A,SP,AC Central de SP,-46.635987,-23.543311,2019-01-23 09:20:00,0.2,09:20,2019-01-23
989,SÃO PAULO,355030833A,SP,AC Central de SP,-46.635987,-23.543311,2019-01-23 09:50:00,0.2,09:50,2019-01-23
990,SÃO PAULO,355030833A,SP,AC Central de SP,-46.635987,-23.543311,2019-01-23 10:20:00,0.2,10:20,2019-01-23
991,SÃO PAULO,355030833A,SP,AC Central de SP,-46.635987,-23.543311,2019-01-23 10:50:00,0.2,10:50,2019-01-23
992,SÃO PAULO,355030833A,SP,AC Central de SP,-46.635987,-23.543311,2019-01-23 11:10:00,0.2,11:10,2019-01-23
993,SÃO PAULO,355030833A,SP,AC Central de SP,-46.635987,-23.543311,2019-01-23 11:40:00,0.2,11:40,2019-01-23
994,SÃO PAULO,355030833A,SP,AC Central de SP,-46.635987,-23.543311,2019-01-23 11:50:00,0.0,11:50,2019-01-23
995,SÃO PAULO,355030833A,SP,AC Central de SP,-46.635987,-23.543311,2019-01-23 12:10:00,0.2,12:10,2019-01-23
996,SÃO PAULO,355030833A,SP,AC Central de SP,-46.635987,-23.543311,2019-01-23 12:40:00,0.2,12:40,2019-01-23
997,SÃO PAULO,355030833A,SP,AC Central de SP,-46.635987,-23.543311,2019-01-23 12:50:00,0.0,12:50,2019-01-23
998,SÃO PAULO,355030833A,SP,AC Central de SP,-46.635987,-23.543311,2019-01-23 13:20:00,0.2,13:20,2019-01-23
999,SÃO PAULO,355030833A,SP,AC Central de SP,-46.635987,-23.543311,2019-01-23 13:50:00,0.0,13:50,2019-01-23
1000,SÃO PAULO,355030833A,SP,AC Central de SP,-46.635987,-23.543311,2019-01-23 14:00:00,0.2,14:00,2019-01-23
1001,SÃO PAULO,355030833A,SP,AC Central de SP,-46.635987,-23.543311,2019-01-23 14:50:00,0.0,14:50,2019-01-23
1002,SÃO PAULO,355030833A,SP,AC Central de SP,-46.635987,-23.543311,2019-01-23 15:00:00,0.2,15:00,2019-01-23
1003,SÃO PAULO,355030833A,SP,AC Central de SP,-46.635987,-23.543311,2019-01-23 15:50:00,0.0,15:50,2019-01-23
1004,SÃO PAULO,355030833A,SP,AC Central de SP,-46.635987,-23.543311,2019-01-23 16:50:00,0.0,16:50,2019-01-23
1005,SÃO PAULO,355030833A,SP,AC Central de SP,-46.635987,-23.543311,2019-01-23 17:50:00,0.0,17:50,2019-01-23
1006,SÃO PAULO,355030833A,SP,AC Central de SP,-46.635987,-23.543311,2019-01-23 18:50:00,0.0,18:50,2019-01-23
1007,SÃO PAULO,355030833A,SP,AC Central de SP,-46.635987,-23.543311,2019-01-23 19:50:00,0.0,19:50,2019-01-23
1008,SÃO PAULO,355030833A,SP,AC Central de SP,-46.635987,-23.543311,2019-01-23 20:50:00,0.0,20:50,2019-01-23
1009,SÃO PAULO,355030833A,SP,AC Central de SP,-46.635987,-23.543311,2019-01-23 21:50:00,0.0,21:50,2019-01-23
1010,SÃO PAULO,355030833A,SP,AC Central de SP,-46.635987,-23.543311,2019-01-23 22:50:00,0.0,22:50,2019-01-23
1011,SÃO PAULO,355030833A,SP,AC Central de SP,-46.635987,-23.543311,2019-01-23 23:50:00,0.0,23:50,2019-01-23
1012,SÃO PAULO,355030833A,SP,AC Central de SP,-46.635987,-23.543311,2019-01-24 00:50:00,0.0,00:50,2019-01-24
1013,SÃO PAULO,355030833A,SP,AC Central de SP,-46.635987,-23.543311,2019-01-24 01:50:00,0.0,01:50,2019-01-24
1014,SÃO PAULO,355030833A,SP,AC Central de SP,-46.635987,-23.543311,2019-01-24 02:50:00,0.0,02:50,2019-01-24
1015,SÃO PAULO,355030833A,SP,AC Central de SP,-46.635987,-23.543311,2019-01-24 03:50:00,0.0,03:50,2019-01-24
1016,SÃO PAULO,355030833A,SP,AC Central de SP,-46.635987,-23.543311,2019-01-24 04:50:00,0.0,04:50,2019-01-24
1017,SÃO PAULO,355030833A,SP,AC Central de SP,-46.635987,-23.543311,2019-01-24 05:50:00,0.0,05:50,2019-01-24
1018,SÃO PAULO,355030833A,SP,AC Central de SP,-46.635987,-23.543311,2019-01-24 06:50:00,0.0,06:50,2019-01-24
1019,SÃO PAULO,355030833A,SP,AC Central de SP,-46.635987,-23.543311,2019-01-24 07:50:00,0.0,07:50,2019-01-24
1020,SÃO PAULO,355030833A,SP,AC Central de SP,-46.635987,-23.543311,2019-01-24 08:50:00,0.0,08:50,2019-01-24
1021,SÃO PAULO,355030833A,SP,AC Central de SP,-46.635987,-23.543311,2019-01-24 09:50:00,0.0,09:50,2019-01-24
1022,SÃO PAULO,355030833A,SP,AC Central de SP,-46.635987,-23.543311,2019-01-24 10:50:00,0.0,10:50,2019-01-24
1023,SÃO PAULO,355030833A,SP,AC Central de SP,-46.635987,-23.543311,2019-01-24 11:50:00,0.0,11:50,2019-01-24
1024,SÃO PAULO,355030833A,SP,AC Central de SP,-46.635987,-23.543311,2019-01-24 12:50:00,0.0,12:50,2019-01-24
1025,SÃO PAULO,355030833A,SP,AC Central de SP,-46.635987,-23.543311,2019-01-24 13:50:00,0.0,13:50,2019-01-24
1026,SÃO PAULO,355030833A,SP,AC Central de SP,-46.635987,-23.543311,2019-01-24 14:50:00,0.0,14:50,2019-01-24
1027,SÃO PAULO,355030833A,SP,AC Central de SP,-46.635987,-23.543311,2019-01-24 15:50:00,0.0,15:50,2019-01-24
1028,SÃO PAULO,355030833A,SP,AC Central de SP,-46.635987,-23.543311,2019-01-24 16:50:00,0.2,16:50,2019-01-24
1029,SÃO PAULO,355030833A,SP,AC Central de SP,-46.635987,-23.543311,2019-01-24 17:50:00,0.0,17:50,2019-01-24
1030,SÃO PAULO,355030833A,SP,AC Central de SP,-46.635987,-23.543311,2019-01-24 18:00:00,0.2,18:00,2019-01-24
1031,SÃO PAULO,355030833A,SP,AC Central de SP,-46.635987,-23.543311,2019-01-24 18:10:00,0.2,18:10,2019-01-24
1032,SÃO PAULO,355030833A,SP,AC Central de SP,-46.635987,-23.543311,2019-01-24 18:20:00,0.2,18:20,2019-01-24
1033,SÃO PAULO,355030833A,SP,AC Central de SP,-46.635987,-23.543311,2019-01-24 18:30:00,0.39,18:30,2019-01-24
1034,SÃO PAULO,355030833A,SP,AC Central de SP,-46.635987,-23.543311,2019-01-24 18:40:00,0.2,18:40,2019-01-24
1035,SÃO PAULO,355030833A,SP,AC Central de SP,-46.635987,-23.543311,2019-01-24 18:50:00,0.2,18:50,2019-01-24
1036,SÃO PAULO,355030833A,SP,AC Central de SP,-46.635987,-23.543311,2019-01-24 19:00:00,0.2,19:00,2019-01-24
1037,SÃO PAULO,355030833A,SP,AC Central de SP,-46.635987,-23.543311,2019-01-24 19:10:00,0.2,19:10,2019-01-24
1038,SÃO PAULO,355030833A,SP,AC Central de SP,-46.635987,-23.543311,2019-01-24 19:20:00,0.2,19:20,2019-01-24
1039,SÃO PAULO,355030833A,SP,AC Central de SP,-46.635987,-23.543311,2019-01-24 19:30:00,0.2,19:30,2019-01-24
1040,SÃO PAULO,355030833A,SP,AC Central de SP,-46.635987,-23.543311,2019-01-24 19:40:00,0.2,19:40,2019-01-24
1041,SÃO PAULO,355030833A,SP,AC Central de SP,-46.635987,-23.543311,2019-01-24 19:50:00,0.2,19:50,2019-01-24
1042,SÃO PAULO,355030833A,SP,AC Central de SP,-46.635987,-23.543311,2019-01-24 20:00:00,0.2,20:00,2019-01-24
1043,SÃO PAULO,355030833A,SP,AC Central de SP,-46.635987,-23.543311,2019-01-24 20:10:00,0.2,20:10,2019-01-24
1044,SÃO PAULO,355030833A,SP,AC Central de SP,-46.635987,-23.543311,2019-01-24 20:20:00,0.2,20:20,2019-01-24
1045,SÃO PAULO,355030833A,SP,AC Central de SP,-46.635987,-23.543311,2019-01-24 20:30:00,0.2,20:30,2019-01-24
1046,SÃO PAULO,355030833A,SP,AC Central de SP,-46.635987,-23.543311,2019-01-24 20:50:00,0.2,20:50,2019-01-24
1047,SÃO PAULO,355030833A,SP,AC Central de SP,-46.635987,-23.543311,2019-01-24 21:00:00,0.2,21:00,2019-01-24
1048,SÃO PAULO,355030833A,SP,AC Central de SP,-46.635987,-23.543311,2019-01-24 21:10:00,0.2,21:10,2019-01-24
1049,SÃO PAULO,355030833A,SP,AC Central de SP,-46.635987,-23.543311,2019-01-24 21:30:00,0.2,21:30,2019-01-24
1050,SÃO PAULO,355030833A,SP,AC Central de SP,-46.635987,-23.543311,2019-01-24 21:40:00,0.2,21:40,2019-01-24
1051,SÃO PAULO,355030833A,SP,AC Central de SP,-46.635987,-23.543311,2019-01-24 21:50:00,0.2,21:50,2019-01-24
1052,SÃO PAULO,355030833A,SP,AC Central de SP,-46.635987,-23.543311,2019-01-24 22:10:00,0.2,22:10,2019-01-24
1053,SÃO PAULO,355030833A,SP,AC Central de SP,-46.635987,-23.543311,2019-01-24 22:20:00,0.2,22:20,2019-01-24
1054,SÃO PAULO,355030833A,SP,AC Central de SP,-46.635987,-23.543311,2019-01-24 22:40:00,0.2,22:40,2019-01-24
1055,SÃO PAULO,355030833A,SP,AC Central de SP,-46.635987,-23.543311,2019-01-24 22:50:00,0.2,22:50,2019-01-24
1056,SÃO PAULO,355030833A,SP,AC Central de SP,-46.635987,-23.543311,2019-01-24 23:10:00,0.2,23:10,2019-01-24
1057,SÃO PAULO,355030833A,SP,AC Central de SP,-46.635987,-23.543311,2019-01-24 23:30:00,0.2,23:30,2019-01-24
1058,SÃO PAULO,355030833A,SP,AC Central de SP,-46.635987,-23.543311,2019-01-24 23:40:00,0.2,23:40,2019-01-24
1059,SÃO PAULO,355030833A,SP,AC Central de SP,-46.635987,-23.543311,2019-01-24 23:50:00,0.0,23:50,2019-01-24
1060,SÃO PAULO,355030833A,SP,AC Central de SP,-46.635987,-23.543311,2019-01-25 00:00:00,0.2,00:00,2019-01-25
1061,SÃO PAULO,355030833A,SP,AC Central de SP,-46.635987,-23.543311,2019-01-25 00:10:00,0.2,00:10,2019-01-25
1062,SÃO PAULO,355030833A,SP,AC Central de SP,-46.635987,-23.543311,2019-01-25 00:30:00,0.2,00:30,2019-01-25
1063,SÃO PAULO,355030833A,SP,AC Central de SP,-46.635987,-23.543311,2019-01-25 00:50:00,0.2,00:50,2019-01-25
1064,SÃO PAULO,355030833A,SP,AC Central de SP,-46.635987,-23.543311,2019-01-25 01:00:00,0.2,01:00,2019-01-25
1065,SÃO PAULO,355030833A,SP,AC Central de SP,-46.635987,-23.543311,2019-01-25 01:20:00,0.2,01:20,2019-01-25
1066,SÃO PAULO,355030833A,SP,AC Central de SP,-46.635987,-23.543311,2019-01-25 01:40:00,0.2,01:40,2019-01-25
1067,SÃO PAULO,355030833A,SP,AC Central de SP,-46.635987,-23.543311,2019-01-25 01:50:00,0.0,01:50,2019-01-25
1068,SÃO PAULO,355030833A,SP,AC Central de SP,-46.635987,-23.543311,2019-01-25 02:00:00,0.2,02:00,2019-01-25
1069,SÃO PAULO,355030833A,SP,AC Central de SP,-46.635987,-23.543311,2019-01-25 02:10:00,0.2,02:10,2019-01-25
1070,SÃO PAULO,355030833A,SP,AC Central de SP,-46.635987,-23.543311,2019-01-25 02:30:00,0.2,02:30,2019-01-25
1071,SÃO PAULO,355030833A,SP,AC Central de SP,-46.635987,-23.543311,2019-01-25 02:50:00,0.2,02:50,2019-01-25
1072,SÃO PAULO,355030833A,SP,AC Central de SP,-46.635987,-23.543311,2019-01-25 03:10:00,0.2,03:10,2019-01-25
1073,SÃO PAULO,355030833A,SP,AC Central de SP,-46.635987,-23.543311,2019-01-25 03:30:00,0.2,03:30,2019-01-25
1074,SÃO PAULO,355030833A,SP,AC Central de SP,-46.635987,-23.543311,2019-01-25 03:50:00,0.2,03:50,2019-01-25
1075,SÃO PAULO,355030833A,SP,AC Central de SP,-46.635987,-23.543311,2019-01-25 04:10:00,0.2,04:10,2019-01-25
1076,SÃO PAULO,355030833A,SP,AC Central de SP,-46.635987,-23.543311,2019-01-25 04:30:00,0.2,04:30,2019-01-25
1077,SÃO PAULO,355030833A,SP,AC Central de SP,-46.635987,-23.543311,2019-01-25 04:50:00,0.2,04:50,2019-01-25
1078,SÃO PAULO,355030833A,SP,AC Central de SP,-46.635987,-23.543311,2019-01-25 05:10:00,0.2,05:10,2019-01-25
1079,SÃO PAULO,355030833A,SP,AC Central de SP,-46.635987,-23.543311,2019-01-25 05:30:00,0.2,05:30,2019-01-25
1080,SÃO PAULO,355030833A,SP,AC Central de SP,-46.635987,-23.543311,2019-01-25 05:50:00,0.2,05:50,2019-01-25
1081,SÃO PAULO,355030833A,SP,AC Central de SP,-46.635987,-23.543311,2019-01-25 06:10:00,0.2,06:10,2019-01-25
1082,SÃO PAULO,355030833A,SP,AC Central de SP,-46.635987,-23.543311,2019-01-25 06:30:00,0.2,06:30,2019-01-25
1083,SÃO PAULO,355030833A,SP,AC Central de SP,-46.635987,-23.543311,2019-01-25 06:50:00,0.2,06:50,2019-01-25
1084,SÃO PAULO,355030833A,SP,AC Central de SP,-46.635987,-23.543311,2019-01-25 07:10:00,0.2,07:10,2019-01-25
1085,SÃO PAULO,355030833A,SP,AC Central de SP,-46.635987,-23.543311,2019-01-25 07:30:00,0.2,07:30,2019-01-25
1086,SÃO PAULO,355030833A,SP,AC Central de SP,-46.635987,-23.543311,2019-01-25 07:50:00,0.2,07:50,2019-01-25
1087,SÃO PAULO,355030833A,SP,AC Central de SP,-46.635987,-23.543311,2019-01-25 08:20:00,0.2,08:20,2019-01-25
1088,SÃO PAULO,355030833A,SP,AC Central de SP,-46.635987,-23.543311,2019-01-25 08:40:00,0.2,08:40,2019-01-25
1089,SÃO PAULO,355030833A,SP,AC Central de SP,-46.635987,-23.543311,2019-01-25 08:50:00,0.0,08:50,2019-01-25
1090,SÃO PAULO,355030833A,SP,AC Central de SP,-46.635987,-23.543311,2019-01-25 09:00:00,0.2,09:00,2019-01-25
1091,SÃO PAULO,355030833A,SP,AC Central de SP,-46.635987,-23.543311,2019-01-25 09:30:00,0.2,09:30,2019-01-25
1092,SÃO PAULO,355030833A,SP,AC Central de SP,-46.635987,-23.543311,2019-01-25 09:50:00,0.2,09:50,2019-01-25
1093,SÃO PAULO,355030833A,SP,AC Central de SP,-46.635987,-23.543311,2019-01-25 10:20:00,0.2,10:20,2019-01-25
1094,SÃO PAULO,355030833A,SP,AC Central de SP,-46.635987,-23.543311,2019-01-25 10:40:00,0.2,10:40,2019-01-25
1095,SÃO PAULO,355030833A,SP,AC Central de SP,-46.635987,-23.543311,2019-01-25 10:50:00,0.0,10:50,2019-01-25
1096,SÃO PAULO,355030833A,SP,AC Central de SP,-46.635987,-23.543311,2019-01-25 11:10:00,0.2,11:10,2019-01-25
1097,SÃO PAULO,355030833A,SP,AC Central de SP,-46.635987,-23.543311,2019-01-25 11:40:00,0.2,11:40,2019-01-25
1098,SÃO PAULO,355030833A,SP,AC Central de SP,-46.635987,-23.543311,2019-01-25 11:50:00,0.0,11:50,2019-01-25
1099,SÃO PAULO,355030833A,SP,AC Central de SP,-46.635987,-23.543311,2019-01-25 12:10:00,0.2,12:10,2019-01-25
1100,SÃO PAULO,355030833A,SP,AC Central de SP,-46.635987,-23.543311,2019-01-25 12:30:00,0.2,12:30,2019-01-25
1101,SÃO PAULO,355030833A,SP,AC Central de SP,-46.635987,-23.543311,2019-01-25 12:50:00,0.0,12:50,2019-01-25
1102,SÃO PAULO,355030833A,SP,AC Central de SP,-46.635987,-23.543311,2019-01-25 13:00:00,0.2,13:00,2019-01-25
1103,SÃO PAULO,355030833A,SP,AC Central de SP,-46.635987,-23.543311,2019-01-25 13:20:00,0.2,13:20,2019-01-25
1104,SÃO PAULO,355030833A,SP,AC Central de SP,-46.635987,-23.543311,2019-01-25 13:50:00,0.2,13:50,2019-01-25
1105,SÃO PAULO,355030833A,SP,AC Central de SP,-46.635987,-23.543311,2019-01-25 14:20:00,0.2,14:20,2019-01-25
1106,SÃO PAULO,355030833A,SP,AC Central de SP,-46.635987,-23.543311,2019-01-25 14:40:00,0.2,14:40,2019-01-25
1107,SÃO PAULO,355030833A,SP,AC Central de SP,-46.635987,-23.543311,2019-01-25 14:50:00,0.0,14:50,2019-01-25
1108,SÃO PAULO,355030833A,SP,AC Central de SP,-46.635987,-23.543311,2019-01-25 15:10:00,0.2,15:10,2019-01-25
1109,SÃO PAULO,355030833A,SP,AC Central de SP,-46.635987,-23.543311,2019-01-25 15:40:00,0.2,15:40,2019-01-25
1110,SÃO PAULO,355030833A,SP,AC Central de SP,-46.635987,-23.543311,2019-01-25 15:50:00,0.0,15:50,2019-01-25
1111,SÃO PAULO,355030833A,SP,AC Central de SP,-46.635987,-23.543311,2019-01-25 16:10:00,0.2,16:10,2019-01-25
1112,SÃO PAULO,355030833A,SP,AC Central de SP,-46.635987,-23.543311,2019-01-25 16:40:00,0.2,16:40,2019-01-25
1113,SÃO PAULO,355030833A,SP,AC Central de SP,-46.635987,-23.543311,2019-01-25 16:50:00,0.0,16:50,2019-01-25
1114,SÃO PAULO,355030833A,SP,AC Central de SP,-46.635987,-23.543311,2019-01-25 17:10:00,0.2,17:10,2019-01-25
1115,SÃO PAULO,355030833A,SP,AC Central de SP,-46.635987,-23.543311,2019-01-25 17:40:00,0.2,17:40,2019-01-25
1116,SÃO PAULO,355030833A,SP,AC Central de SP,-46.635987,-23.543311,2019-01-25 17:50:00,0.0,17:50,2019-01-25
1117,SÃO PAULO,355030833A,SP,AC Central de SP,-46.635987,-23.543311,2019-01-25 18:10:00,0.2,18:10,2019-01-25
1118,SÃO PAULO,355030833A,SP,AC Central de SP,-46.635987,-23.543311,2019-01-25 18:40:00,0.2,18:40,2019-01-25
1119,SÃO PAULO,355030833A,SP,AC Central de SP,-46.635987,-23.543311,2019-01-25 18:50:00,0.0,18:50,2019-01-25
1120,SÃO PAULO,355030833A,SP,AC Central de SP,-46.635987,-23.543311,2019-01-25 19:10:00,0.2,19:10,2019-01-25
1121,SÃO PAULO,355030833A,SP,AC Central de SP,-46.635987,-23.543311,2019-01-25 19:50:00,0.2,19:50,2019-01-25
1122,SÃO PAULO,355030833A,SP,AC Central de SP,-46.635987,-23.543311,2019-01-25 20:20:00,0.2,20:20,2019-01-25
1123,SÃO PAULO,355030833A,SP,AC Central de SP,-46.635987,-23.543311,2019-01-25 20:50:00,0.2,20:50,2019-01-25
1124,SÃO PAULO,355030833A,SP,AC Central de SP,-46.635987,-23.543311,2019-01-25 21:20:00,0.2,21:20,2019-01-25
1125,SÃO PAULO,355030833A,SP,AC Central de SP,-46.635987,-23.543311,2019-01-25 21:50:00,0.0,21:50,2019-01-25
1126,SÃO PAULO,355030833A,SP,AC Central de SP,-46.635987,-23.543311,2019-01-25 22:00:00,0.2,22:00,2019-01-25
1127,SÃO PAULO,355030833A,SP,AC Central de SP,-46.635987,-23.543311,2019-01-25 22:30:00,0.2,22:30,2019-01-25
1128,SÃO PAULO,355030833A,SP,AC Central de SP,-46.635987,-23.543311,2019-01-25 22:50:00,0.0,22:50,2019-01-25
1129,SÃO PAULO,355030833A,SP,AC Central de SP,-46.635987,-23.543311,2019-01-25 23:00:00,0.2,23:00,2019-01-25
1130,SÃO PAULO,355030833A,SP,AC Central de SP,-46.635987,-23.543311,2019-01-25 23:30:00,0.2,23:30,2019-01-25
1131,SÃO PAULO,355030833A,SP,AC Central de SP,-46.635987,-23.543311,2019-01-25 23:50:00,0.0,23:50,2019-01-25
1132,SÃO PAULO,355030833A,SP,AC Central de SP,-46.635987,-23.543311,2019-01-26 00:10:00,0.2,00:10,2019-01-26
1133,SÃO PAULO,355030833A,SP,AC Central de SP,-46.635987,-23.543311,2019-01-26 00:40:00,0.2,00:40,2019-01-26
1134,SÃO PAULO,355030833A,SP,AC Central de SP,-46.635987,-23.543311,2019-01-26 00:50:00,0.0,00:50,2019-01-26
1135,SÃO PAULO,355030833A,SP,AC Central de SP,-46.635987,-23.543311,2019-01-26 01:10:00,0.2,01:10,2019-01-26
1136,SÃO PAULO,355030833A,SP,AC Central de SP,-46.635987,-23.543311,2019-01-26 01:30:00,0.2,01:30,2019-01-26
1137,SÃO PAULO,355030833A,SP,AC Central de SP,-46.635987,-23.543311,2019-01-26 02:00:00,0.2,02:00,2019-01-26
1138,SÃO PAULO,355030833A,SP,AC Central de SP,-46.635987,-23.543311,2019-01-26 02:20:00,0.2,02:20,2019-01-26
1139,SÃO PAULO,355030833A,SP,AC Central de SP,-46.635987,-23.543311,2019-01-26 02:40:00,0.2,02:40,2019-01-26
1140,SÃO PAULO,355030833A,SP,AC Central de SP,-46.635987,-23.543311,2019-01-26 02:50:00,0.0,02:50,2019-01-26
1141,SÃO PAULO,355030833A,SP,AC Central de SP,-46.635987,-23.543311,2019-01-26 03:00:00,0.2,03:00,2019-01-26
1142,SÃO PAULO,355030833A,SP,AC Central de SP,-46.635987,-23.543311,2019-01-26 03:30:00,0.2,03:30,2019-01-26
1143,SÃO PAULO,355030833A,SP,AC Central de SP,-46.635987,-23.543311,2019-01-26 03:50:00,0.0,03:50,2019-01-26
1144,SÃO PAULO,355030833A,SP,AC Central de SP,-46.635987,-23.543311,2019-01-26 04:00:00,0.2,04:00,2019-01-26
1145,SÃO PAULO,355030833A,SP,AC Central de SP,-46.635987,-23.543311,2019-01-26 04:40:00,0.2,04:40,2019-01-26
1146,SÃO PAULO,355030833A,SP,AC Central de SP,-46.635987,-23.543311,2019-01-26 04:50:00,0.0,04:50,2019-01-26
1147,SÃO PAULO,355030833A,SP,AC Central de SP,-46.635987,-23.543311,2019-01-26 05:10:00,0.2,05:10,2019-01-26
1148,SÃO PAULO,355030833A,SP,AC Central de SP,-46.635987,-23.543311,2019-01-26 05:50:00,0.2,05:50,2019-01-26
1149,SÃO PAULO,355030833A,SP,AC Central de SP,-46.635987,-23.543311,2019-01-26 06:30:00,0.2,06:30,2019-01-26
1150,SÃO PAULO,355030833A,SP,AC Central de SP,-46.635987,-23.543311,2019-01-26 06:50:00,0.0,06:50,2019-01-26
1151,SÃO PAULO,355030833A,SP,AC Central de SP,-46.635987,-23.543311,2019-01-26 07:10:00,0.2,07:10,2019-01-26
1152,SÃO PAULO,355030833A,SP,AC Central de SP,-46.635987,-23.543311,2019-01-26 07:50:00,0.2,07:50,2019-01-26
1153,SÃO PAULO,355030833A,SP,AC Central de SP,-46.635987,-23.543311,2019-01-26 08:30:00,0.2,08:30,2019-01-26
1154,SÃO PAULO,355030833A,SP,AC Central de SP,-46.635987,-23.543311,2019-01-26 08:50:00,0.0,08:50,2019-01-26
1155,SÃO PAULO,355030833A,SP,AC Central de SP,-46.635987,-23.543311,2019-01-26 09:10:00,0.2,09:10,2019-01-26
1156,SÃO PAULO,355030833A,SP,AC Central de SP,-46.635987,-23.543311,2019-01-26 09:50:00,0.2,09:50,2019-01-26
1157,SÃO PAULO,355030833A,SP,AC Central de SP,-46.635987,-23.543311,2019-01-26 10:20:00,0.2,10:20,2019-01-26
1158,SÃO PAULO,355030833A,SP,AC Central de SP,-46.635987,-23.543311,2019-01-26 10:50:00,0.2,10:50,2019-01-26
1159,SÃO PAULO,355030833A,SP,AC Central de SP,-46.635987,-23.543311,2019-01-26 11:20:00,0.2,11:20,2019-01-26
1160,SÃO PAULO,355030833A,SP,AC Central de SP,-46.635987,-23.543311,2019-01-26 11:50:00,0.0,11:50,2019-01-26
1161,SÃO PAULO,355030833A,SP,AC Central de SP,-46.635987,-23.543311,2019-01-26 12:00:00,0.2,12:00,2019-01-26
1162,SÃO PAULO,355030833A,SP,AC Central de SP,-46.635987,-23.543311,2019-01-26 12:30:00,0.2,12:30,2019-01-26
1163,SÃO PAULO,355030833A,SP,AC Central de SP,-46.635987,-23.543311,2019-01-26 12:50:00,0.0,12:50,2019-01-26
1164,SÃO PAULO,355030833A,SP,AC Central de SP,-46.635987,-23.543311,2019-01-26 13:10:00,0.2,13:10,2019-01-26
1165,SÃO PAULO,355030833A,SP,AC Central de SP,-46.635987,-23.543311,2019-01-26 13:40:00,0.2,13:40,2019-01-26
1166,SÃO PAULO,355030833A,SP,AC Central de SP,-46.635987,-23.543311,2019-01-26 13:50:00,0.0,13:50,2019-01-26
1167,SÃO PAULO,355030833A,SP,AC Central de SP,-46.635987,-23.543311,2019-01-26 14:10:00,0.2,14:10,2019-01-26
1168,SÃO PAULO,355030833A,SP,AC Central de SP,-46.635987,-23.543311,2019-01-26 14:40:00,0.2,14:40,2019-01-26
1169,SÃO PAULO,355030833A,SP,AC Central de SP,-46.635987,-23.543311,2019-01-26 14:50:00,0.0,14:50,2019-01-26
1170,SÃO PAULO,355030833A,SP,AC Central de SP,-46.635987,-23.543311,2019-01-26 15:20:00,0.2,15:20,2019-01-26
1171,SÃO PAULO,355030833A,SP,AC Central de SP,-46.635987,-23.543311,2019-01-26 15:50:00,0.0,15:50,2019-01-26
1172,SÃO PAULO,355030833A,SP,AC Central de SP,-46.635987,-23.543311,2019-01-26 16:00:00,0.2,16:00,2019-01-26
1173,SÃO PAULO,355030833A,SP,AC Central de SP,-46.635987,-23.543311,2019-01-26 16:40:00,0.2,16:40,2019-01-26
1174,SÃO PAULO,355030833A,SP,AC Central de SP,-46.635987,-23.543311,2019-01-26 16:50:00,0.0,16:50,2019-01-26
1175,SÃO PAULO,355030833A,SP,AC Central de SP,-46.635987,-23.543311,2019-01-26 17:10:00,0.2,17:10,2019-01-26
1176,SÃO PAULO,355030833A,SP,AC Central de SP,-46.635987,-23.543311,2019-01-26 17:50:00,0.2,17:50,2019-01-26
1177,SÃO PAULO,355030833A,SP,AC Central de SP,-46.635987,-23.543311,2019-01-26 18:20:00,0.2,18:20,2019-01-26
1178,SÃO PAULO,355030833A,SP,AC Central de SP,-46.635987,-23.543311,2019-01-26 18:50:00,0.0,18:50,2019-01-26
1179,SÃO PAULO,355030833A,SP,AC Central de SP,-46.635987,-23.543311,2019-01-26 19:00:00,0.2,19:00,2019-01-26
1180,SÃO PAULO,355030833A,SP,AC Central de SP,-46.635987,-23.543311,2019-01-26 19:30:00,0.2,19:30,2019-01-26
1181,SÃO PAULO,355030833A,SP,AC Central de SP,-46.635987,-23.543311,2019-01-26 19:50:00,0.0,19:50,2019-01-26
1182,SÃO PAULO,355030833A,SP,AC Central de SP,-46.635987,-23.543311,2019-01-26 20:20:00,0.2,20:20,2019-01-26
1183,SÃO PAULO,355030833A,SP,AC Central de SP,-46.635987,-23.543311,2019-01-26 21:00:00,0.2,21:00,2019-01-26
1184,SÃO PAULO,355030833A,SP,AC Central de SP,-46.635987,-23.543311,2019-01-26 21:40:00,0.2,21:40,2019-01-26
1185,SÃO PAULO,355030833A,SP,AC Central de SP,-46.635987,-23.543311,2019-01-26 21:50:00,0.0,21:50,2019-01-26
1186,SÃO PAULO,355030833A,SP,AC Central de SP,-46.635987,-23.543311,2019-01-26 22:10:00,0.2,22:10,2019-01-26
1187,SÃO PAULO,355030833A,SP,AC Central de SP,-46.635987,-23.543311,2019-01-26 22:50:00,0.2,22:50,2019-01-26
1188,SÃO PAULO,355030833A,SP,AC Central de SP,-46.635987,-23.543311,2019-01-26 23:30:00,0.2,23:30,2019-01-26
1189,SÃO PAULO,355030833A,SP,AC Central de SP,-46.635987,-23.543311,2019-01-26 23:50:00,0.0,23:50,2019-01-26
1190,SÃO PAULO,355030833A,SP,AC Central de SP,-46.635987,-23.543311,2019-01-27 00:10:00,0.2,00:10,2019-01-27
1191,SÃO PAULO,355030833A,SP,AC Central de SP,-46.635987,-23.543311,2019-01-27 00:40:00,0.2,00:40,2019-01-27
1192,SÃO PAULO,355030833A,SP,AC Central de SP,-46.635987,-23.543311,2019-01-27 00:50:00,0.0,00:50,2019-01-27
1193,SÃO PAULO,355030833A,SP,AC Central de SP,-46.635987,-23.543311,2019-01-27 01:20:00,0.2,01:20,2019-01-27
1194,SÃO PAULO,355030833A,SP,AC Central de SP,-46.635987,-23.543311,2019-01-27 01:50:00,0.0,01:50,2019-01-27
1195,SÃO PAULO,355030833A,SP,AC Central de SP,-46.635987,-23.543311,2019-01-27 02:00:00,0.2,02:00,2019-01-27
1196,SÃO PAULO,355030833A,SP,AC Central de SP,-46.635987,-23.543311,2019-01-27 02:40:00,0.2,02:40,2019-01-27
1197,SÃO PAULO,355030833A,SP,AC Central de SP,-46.635987,-23.543311,2019-01-27 03:00:00,0.0,03:00,2019-01-27
1198,SÃO PAULO,355030833A,SP,AC Central de SP,-46.635987,-23.543311,2019-01-27 03:20:00,0.2,03:20,2019-01-27
1199,SÃO PAULO,355030833A,SP,AC Central de SP,-46.635987,-23.543311,2019-01-27 03:50:00,0.0,03:50,2019-01-27
1200,SÃO PAULO,355030833A,SP,AC Central de SP,-46.635987,-23.543311,2019-01-27 04:10:00,0.2,04:10,2019-01-27
1201,SÃO PAULO,355030833A,SP,AC Central de SP,-46.635987,-23.543311,2019-01-27 04:50:00,0.2,04:50,2019-01-27
1202,SÃO PAULO,355030833A,SP,AC Central de SP,-46.635987,-23.543311,2019-01-27 05:30:00,0.2,05:30,2019-01-27
1203,SÃO PAULO,355030833A,SP,AC Central de SP,-46.635987,-23.543311,2019-01-27 05:50:00,0.0,05:50,2019-01-27
1204,SÃO PAULO,355030833A,SP,AC Central de SP,-46.635987,-23.543311,2019-01-27 06:10:00,0.2,06:10,2019-01-27
1205,SÃO PAULO,355030833A,SP,AC Central de SP,-46.635987,-23.543311,2019-01-27 06:50:00,0.2,06:50,2019-01-27
1206,SÃO PAULO,355030833A,SP,AC Central de SP,-46.635987,-23.543311,2019-01-27 07:40:00,0.2,07:40,2019-01-27
1207,SÃO PAULO,355030833A,SP,AC Central de SP,-46.635987,-23.543311,2019-01-27 07:50:00,0.0,07:50,2019-01-27
1208,SÃO PAULO,355030833A,SP,AC Central de SP,-46.635987,-23.543311,2019-01-27 08:20:00,0.2,08:20,2019-01-27
1209,SÃO PAULO,355030833A,SP,AC Central de SP,-46.635987,-23.543311,2019-01-27 08:50:00,0.0,08:50,2019-01-27
1210,SÃO PAULO,355030833A,SP,AC Central de SP,-46.635987,-23.543311,2019-01-27 09:00:00,0.2,09:00,2019-01-27
1211,SÃO PAULO,355030833A,SP,AC Central de SP,-46.635987,-23.543311,2019-01-27 09:40:00,0.2,09:40,2019-01-27
1212,SÃO PAULO,355030833A,SP,AC Central de SP,-46.635987,-23.543311,2019-01-27 09:50:00,0.0,09:50,2019-01-27
1213,SÃO PAULO,355030833A,SP,AC Central de SP,-46.635987,-23.543311,2019-01-27 10:20:00,0.2,10:20,2019-01-27
1214,SÃO PAULO,355030833A,SP,AC Central de SP,-46.635987,-23.543311,2019-01-27 10:50:00,0.0,10:50,2019-01-27
1215,SÃO PAULO,355030833A,SP,AC Central de SP,-46.635987,-23.543311,2019-01-27 11:10:00,0.2,11:10,2019-01-27
1216,SÃO PAULO,355030833A,SP,AC Central de SP,-46.635987,-23.543311,2019-01-27 11:40:00,0.2,11:40,2019-01-27
1217,SÃO PAULO,355030833A,SP,AC Central de SP,-46.635987,-23.543311,2019-01-27 11:50:00,0.0,11:50,2019-01-27
1218,SÃO PAULO,355030833A,SP,AC Central de SP,-46.635987,-23.543311,2019-01-27 12:20:00,0.2,12:20,2019-01-27
1219,SÃO PAULO,355030833A,SP,AC Central de SP,-46.635987,-23.543311,2019-01-27 12:50:00,0.0,12:50,2019-01-27
1220,SÃO PAULO,355030833A,SP,AC Central de SP,-46.635987,-23.543311,2019-01-27 13:00:00,0.2,13:00,2019-01-27
1221,SÃO PAULO,355030833A,SP,AC Central de SP,-46.635987,-23.543311,2019-01-27 13:50:00,0.2,13:50,2019-01-27
1222,SÃO PAULO,355030833A,SP,AC Central de SP,-46.635987,-23.543311,2019-01-27 14:30:00,0.2,14:30,2019-01-27
1223,SÃO PAULO,355030833A,SP,AC Central de SP,-46.635987,-23.543311,2019-01-27 14:50:00,0.0,14:50,2019-01-27
1224,SÃO PAULO,355030833A,SP,AC Central de SP,-46.635987,-23.543311,2019-01-27 15:10:00,0.2,15:10,2019-01-27
1225,SÃO PAULO,355030833A,SP,AC Central de SP,-46.635987,-23.543311,2019-01-27 15:50:00,0.0,15:50,2019-01-27
1226,SÃO PAULO,355030833A,SP,AC Central de SP,-46.635987,-23.543311,2019-01-27 16:00:00,0.2,16:00,2019-01-27
1227,SÃO PAULO,355030833A,SP,AC Central de SP,-46.635987,-23.543311,2019-01-27 16:40:00,0.2,16:40,2019-01-27
1228,SÃO PAULO,355030833A,SP,AC Central de SP,-46.635987,-23.543311,2019-01-27 17:00:00,0.0,17:00,2019-01-27
1229,SÃO PAULO,355030833A,SP,AC Central de SP,-46.635987,-23.543311,2019-01-27 17:30:00,0.2,17:30,2019-01-27
1230,SÃO PAULO,355030833A,SP,AC Central de SP,-46.635987,-23.543311,2019-01-27 17:50:00,0.0,17:50,2019-01-27
1231,SÃO PAULO,355030833A,SP,AC Central de SP,-46.635987,-23.543311,2019-01-27 18:20:00,0.2,18:20,2019-01-27
1232,SÃO PAULO,355030833A,SP,AC Central de SP,-46.635987,-23.543311,2019-01-27 18:50:00,0.0,18:50,2019-01-27
1233,SÃO PAULO,355030833A,SP,AC Central de SP,-46.635987,-23.543311,2019-01-27 19:00:00,0.2,19:00,2019-01-27
1234,SÃO PAULO,355030833A,SP,AC Central de SP,-46.635987,-23.543311,2019-01-27 19:50:00,0.2,19:50,2019-01-27
1235,SÃO PAULO,355030833A,SP,AC Central de SP,-46.635987,-23.543311,2019-01-27 20:40:00,0.2,20:40,2019-01-27
1236,SÃO PAULO,355030833A,SP,AC Central de SP,-46.635987,-23.543311,2019-01-27 20:50:00,0.0,20:50,2019-01-27
1237,SÃO PAULO,355030833A,SP,AC Central de SP,-46.635987,-23.543311,2019-01-27 21:20:00,0.2,21:20,2019-01-27
1238,SÃO PAULO,355030833A,SP,AC Central de SP,-46.635987,-23.543311,2019-01-27 21:50:00,0.0,21:50,2019-01-27
1239,SÃO PAULO,355030833A,SP,AC Central de SP,-46.635987,-23.543311,2019-01-27 22:20:00,0.2,22:20,2019-01-27
1240,SÃO PAULO,355030833A,SP,AC Central de SP,-46.635987,-23.543311,2019-01-27 22:50:00,0.0,22:50,2019-01-27
1241,SÃO PAULO,355030833A,SP,AC Central de SP,-46.635987,-23.543311,2019-01-27 23:10:00,0.2,23:10,2019-01-27
1242,SÃO PAULO,355030833A,SP,AC Central de SP,-46.635987,-23.543311,2019-01-27 23:50:00,0.0,23:50,2019-01-27
1243,SÃO PAULO,355030833A,SP,AC Central de SP,-46.635987,-23.543311,2019-01-28 00:00:00,0.2,00:00,2019-01-28
1244,SÃO PAULO,355030833A,SP,AC Central de SP,-46.635987,-23.543311,2019-01-28 00:50:00,0.2,00:50,2019-01-28
1245,SÃO PAULO,355030833A,SP,AC Central de SP,-46.635987,-23.543311,2019-01-28 01:30:00,0.2,01:30,2019-01-28
1246,SÃO PAULO,355030833A,SP,AC Central de SP,-46.635987,-23.543311,2019-01-28 02:20:00,0.2,02:20,2019-01-28
1247,SÃO PAULO,355030833A,SP,AC Central de SP,-46.635987,-23.543311,2019-01-28 02:50:00,0.0,02:50,2019-01-28
1248,SÃO PAULO,355030833A,SP,AC Central de SP,-46.635987,-23.543311,2019-01-28 03:10:00,0.2,03:10,2019-01-28
1249,SÃO PAULO,355030833A,SP,AC Central de SP,-46.635987,-23.543311,2019-01-28 03:50:00,0.0,03:50,2019-01-28
1250,SÃO PAULO,355030833A,SP,AC Central de SP,-46.635987,-23.543311,2019-01-28 04:10:00,0.2,04:10,2019-01-28
1251,SÃO PAULO,355030833A,SP,AC Central de SP,-46.635987,-23.543311,2019-01-28 04:50:00,0.0,04:50,2019-01-28
1252,SÃO PAULO,355030833A,SP,AC Central de SP,-46.635987,-23.543311,2019-01-28 05:00:00,0.2,05:00,2019-01-28
1253,SÃO PAULO,355030833A,SP,AC Central de SP,-46.635987,-23.543311,2019-01-28 05:50:00,0.2,05:50,2019-01-28
1254,SÃO PAULO,355030833A,SP,AC Central de SP,-46.635987,-23.543311,2019-01-28 06:50:00,0.2,06:50,2019-01-28
1255,SÃO PAULO,355030833A,SP,AC Central de SP,-46.635987,-23.543311,2019-01-28 07:50:00,0.2,07:50,2019-01-28
1256,SÃO PAULO,355030833A,SP,AC Central de SP,-46.635987,-23.543311,2019-01-28 08:00:00,0.0,08:00,2019-01-28
1257,SÃO PAULO,355030833A,SP,AC Central de SP,-46.635987,-23.543311,2019-01-28 08:50:00,0.2,08:50,2019-01-28
1258,SÃO PAULO,355030833A,SP,AC Central de SP,-46.635987,-23.543311,2019-01-28 09:00:00,0.0,09:00,2019-01-28
1259,SÃO PAULO,355030833A,SP,AC Central de SP,-46.635987,-23.543311,2019-01-28 09:40:00,0.2,09:40,2019-01-28
1260,SÃO PAULO,355030833A,SP,AC Central de SP,-46.635987,-23.543311,2019-01-28 09:50:00,0.0,09:50,2019-01-28
1261,SÃO PAULO,355030833A,SP,AC Central de SP,-46.635987,-23.543311,2019-01-28 10:40:00,0.2,10:40,2019-01-28
1262,SÃO PAULO,355030833A,SP,AC Central de SP,-46.635987,-23.543311,2019-01-28 10:50:00,0.0,10:50,2019-01-28
1263,SÃO PAULO,355030833A,SP,AC Central de SP,-46.635987,-23.543311,2019-01-28 11:30:00,0.2,11:30,2019-01-28
1264,SÃO PAULO,355030833A,SP,AC Central de SP,-46.635987,-23.543311,2019-01-28 11:50:00,0.0,11:50,2019-01-28
1265,SÃO PAULO,355030833A,SP,AC Central de SP,-46.635987,-23.543311,2019-01-28 12:10:00,0.2,12:10,2019-01-28
1266,SÃO PAULO,355030833A,SP,AC Central de SP,-46.635987,-23.543311,2019-01-28 12:50:00,0.0,12:50,2019-01-28
1267,SÃO PAULO,355030833A,SP,AC Central de SP,-46.635987,-23.543311,2019-01-28 13:10:00,0.2,13:10,2019-01-28
1268,SÃO PAULO,355030833A,SP,AC Central de SP,-46.635987,-23.543311,2019-01-28 13:50:00,0.0,13:50,2019-01-28
1269,SÃO PAULO,355030833A,SP,AC Central de SP,-46.635987,-23.543311,2019-01-28 14:00:00,0.2,14:00,2019-01-28
1270,SÃO PAULO,355030833A,SP,AC Central de SP,-46.635987,-23.543311,2019-01-28 14:50:00,0.0,14:50,2019-01-28
1271,SÃO PAULO,355030833A,SP,AC Central de SP,-46.635987,-23.543311,2019-01-28 15:00:00,0.2,15:00,2019-01-28
1272,SÃO PAULO,355030833A,SP,AC Central de SP,-46.635987,-23.543311,2019-01-28 15:50:00,0.0,15:50,2019-01-28
1273,SÃO PAULO,355030833A,SP,AC Central de SP,-46.635987,-23.543311,2019-01-28 16:10:00,0.2,16:10,2019-01-28
1274,SÃO PAULO,355030833A,SP,AC Central de SP,-46.635987,-23.543311,2019-01-28 16:50:00,0.0,16:50,2019-01-28
1275,SÃO PAULO,355030833A,SP,AC Central de SP,-46.635987,-23.543311,2019-01-28 17:20:00,0.2,17:20,2019-01-28
1276,SÃO PAULO,355030833A,SP,AC Central de SP,-46.635987,-23.543311,2019-01-28 17:50:00,0.0,17:50,2019-01-28
1277,SÃO PAULO,355030833A,SP,AC Central de SP,-46.635987,-23.543311,2019-01-28 18:30:00,0.2,18:30,2019-01-28
1278,SÃO PAULO,355030833A,SP,AC Central de SP,-46.635987,-23.543311,2019-01-28 18:50:00,0.0,18:50,2019-01-28
1279,SÃO PAULO,355030833A,SP,AC Central de SP,-46.635987,-23.543311,2019-01-28 19:50:00,0.2,19:50,2019-01-28
1280,SÃO PAULO,355030833A,SP,AC Central de SP,-46.635987,-23.543311,2019-01-28 20:50:00,0.0,20:50,2019-01-28
1281,SÃO PAULO,355030833A,SP,AC Central de SP,-46.635987,-23.543311,2019-01-28 21:10:00,0.2,21:10,2019-01-28
1282,SÃO PAULO,355030833A,SP,AC Central de SP,-46.635987,-23.543311,2019-01-28 21:50:00,0.0,21:50,2019-01-28
1283,SÃO PAULO,355030833A,SP,AC Central de SP,-46.635987,-23.543311,2019-01-28 22:20:00,0.2,22:20,2019-01-28
1284,SÃO PAULO,355030833A,SP,AC Central de SP,-46.635987,-23.543311,2019-01-28 22:50:00,0.0,22:50,2019-01-28
1285,SÃO PAULO,355030833A,SP,AC Central de SP,-46.635987,-23.543311,2019-01-28 23:40:00,0.2,23:40,2019-01-28
1286,SÃO PAULO,355030833A,SP,AC Central de SP,-46.635987,-23.543311,2019-01-28 23:50:00,0.0,23:50,2019-01-28
1287,SÃO PAULO,355030833A,SP,AC Central de SP,-46.635987,-23.543311,2019-01-29 00:50:00,0.0,00:50,2019-01-29
1288,SÃO PAULO,355030833A,SP,AC Central de SP,-46.635987,-23.543311,2019-01-29 01:00:00,0.2,01:00,2019-01-29
1289,SÃO PAULO,355030833A,SP,AC Central de SP,-46.635987,-23.543311,2019-01-29 01:50:00,0.0,01:50,2019-01-29
1290,SÃO PAULO,355030833A,SP,AC Central de SP,-46.635987,-23.543311,2019-01-29 02:20:00,0.2,02:20,2019-01-29
1291,SÃO PAULO,355030833A,SP,AC Central de SP,-46.635987,-23.543311,2019-01-29 02:50:00,0.0,02:50,2019-01-29
1292,SÃO PAULO,355030833A,SP,AC Central de SP,-46.635987,-23.543311,2019-01-29 03:50:00,0.2,03:50,2019-01-29
1293,SÃO PAULO,355030833A,SP,AC Central de SP,-46.635987,-23.543311,2019-01-29 04:50:00,0.0,04:50,2019-01-29
1294,SÃO PAULO,355030833A,SP,AC Central de SP,-46.635987,-23.543311,2019-01-29 05:20:00,0.2,05:20,2019-01-29
1295,SÃO PAULO,355030833A,SP,AC Central de SP,-46.635987,-23.543311,2019-01-29 05:50:00,0.0,05:50,2019-01-29
1296,SÃO PAULO,355030833A,SP,AC Central de SP,-46.635987,-23.543311,2019-01-29 06:50:00,0.0,06:50,2019-01-29
1297,SÃO PAULO,355030833A,SP,AC Central de SP,-46.635987,-23.543311,2019-01-29 07:00:00,0.2,07:00,2019-01-29
1298,SÃO PAULO,355030833A,SP,AC Central de SP,-46.635987,-23.543311,2019-01-29 07:50:00,0.0,07:50,2019-01-29
1299,SÃO PAULO,355030833A,SP,AC Central de SP,-46.635987,-23.543311,2019-01-29 08:50:00,0.2,08:50,2019-01-29
1300,SÃO PAULO,355030833A,SP,AC Central de SP,-46.635987,-23.543311,2019-01-29 09:50:00,0.0,09:50,2019-01-29
1301,SÃO PAULO,355030833A,SP,AC Central de SP,-46.635987,-23.543311,2019-01-29 10:50:00,0.0,10:50,2019-01-29
1302,SÃO PAULO,355030833A,SP,AC Central de SP,-46.635987,-23.543311,2019-01-29 11:50:00,0.0,11:50,2019-01-29
1303,SÃO PAULO,355030833A,SP,AC Central de SP,-46.635987,-23.543311,2019-01-29 12:50:00,0.0,12:50,2019-01-29
1304,SÃO PAULO,355030833A,SP,AC Central de SP,-46.635987,-23.543311,2019-01-29 13:50:00,0.0,13:50,2019-01-29
1305,SÃO PAULO,355030833A,SP,AC Central de SP,-46.635987,-23.543311,2019-01-29 14:50:00,0.0,14:50,2019-01-29
1306,SÃO PAULO,355030833A,SP,AC Central de SP,-46.635987,-23.543311,2019-01-29 15:50:00,0.0,15:50,2019-01-29
1307,SÃO PAULO,355030833A,SP,AC Central de SP,-46.635987,-23.543311,2019-01-29 16:50:00,0.0,16:50,2019-01-29
1308,SÃO PAULO,355030833A,SP,AC Central de SP,-46.635987,-23.543311,2019-01-29 17:20:00,0.59,17:20,2019-01-29
1309,SÃO PAULO,355030833A,SP,AC Central de SP,-46.635987,-23.543311,2019-01-29 17:30:00,0.2,17:30,2019-01-29
1310,SÃO PAULO,355030833A,SP,AC Central de SP,-46.635987,-23.543311,2019-01-29 17:40:00,0.39,17:40,2019-01-29
1311,SÃO PAULO,355030833A,SP,AC Central de SP,-46.635987,-23.543311,2019-01-29 17:50:00,0.39,17:50,2019-01-29
1312,SÃO PAULO,355030833A,SP,AC Central de SP,-46.635987,-23.543311,2019-01-29 18:00:00,0.2,18:00,2019-01-29
1313,SÃO PAULO,355030833A,SP,AC Central de SP,-46.635987,-23.543311,2019-01-29 18:10:00,0.2,18:10,2019-01-29
1314,SÃO PAULO,355030833A,SP,AC Central de SP,-46.635987,-23.543311,2019-01-29 18:20:00,0.39,18:20,2019-01-29
1315,SÃO PAULO,355030833A,SP,AC Central de SP,-46.635987,-23.543311,2019-01-29 18:30:00,0.2,18:30,2019-01-29
1316,SÃO PAULO,355030833A,SP,AC Central de SP,-46.635987,-23.543311,2019-01-29 18:40:00,0.2,18:40,2019-01-29
1317,SÃO PAULO,355030833A,SP,AC Central de SP,-46.635987,-23.543311,2019-01-29 18:50:00,0.2,18:50,2019-01-29
1318,SÃO PAULO,355030833A,SP,AC Central de SP,-46.635987,-23.543311,2019-01-29 19:00:00,0.2,19:00,2019-01-29
1319,SÃO PAULO,355030833A,SP,AC Central de SP,-46.635987,-23.543311,2019-01-29 19:10:00,0.2,19:10,2019-01-29
1320,SÃO PAULO,355030833A,SP,AC Central de SP,-46.635987,-23.543311,2019-01-29 19:20:00,0.2,19:20,2019-01-29
1321,SÃO PAULO,355030833A,SP,AC Central de SP,-46.635987,-23.543311,2019-01-29 19:30:00,0.2,19:30,2019-01-29
1322,SÃO PAULO,355030833A,SP,AC Central de SP,-46.635987,-23.543311,2019-01-29 19:40:00,0.2,19:40,2019-01-29
1323,SÃO PAULO,355030833A,SP,AC Central de SP,-46.635987,-23.543311,2019-01-29 19:50:00,0.0,19:50,2019-01-29
1324,SÃO PAULO,355030833A,SP,AC Central de SP,-46.635987,-23.543311,2019-01-29 20:00:00,0.2,20:00,2019-01-29
1325,SÃO PAULO,355030833A,SP,AC Central de SP,-46.635987,-23.543311,2019-01-29 20:10:00,0.2,20:10,2019-01-29
1326,SÃO PAULO,355030833A,SP,AC Central de SP,-46.635987,-23.543311,2019-01-29 20:20:00,0.2,20:20,2019-01-29
1327,SÃO PAULO,355030833A,SP,AC Central de SP,-46.635987,-23.543311,2019-01-29 20:30:00,0.2,20:30,2019-01-29
1328,SÃO PAULO,355030833A,SP,AC Central de SP,-46.635987,-23.543311,2019-01-29 20:50:00,0.2,20:50,2019-01-29
1329,SÃO PAULO,355030833A,SP,AC Central de SP,-46.635987,-23.543311,2019-01-29 21:00:00,0.2,21:00,2019-01-29
1330,SÃO PAULO,355030833A,SP,AC Central de SP,-46.635987,-23.543311,2019-01-29 21:10:00,0.2,21:10,2019-01-29
1331,SÃO PAULO,355030833A,SP,AC Central de SP,-46.635987,-23.543311,2019-01-29 21:30:00,0.2,21:30,2019-01-29
1332,SÃO PAULO,355030833A,SP,AC Central de SP,-46.635987,-23.543311,2019-01-29 21:40:00,0.2,21:40,2019-01-29
1333,SÃO PAULO,355030833A,SP,AC Central de SP,-46.635987,-23.543311,2019-01-29 21:50:00,0.0,21:50,2019-01-29
1334,SÃO PAULO,355030833A,SP,AC Central de SP,-46.635987,-23.543311,2019-01-29 22:00:00,0.2,22:00,2019-01-29
1335,SÃO PAULO,355030833A,SP,AC Central de SP,-46.635987,-23.543311,2019-01-29 22:10:00,0.2,22:10,2019-01-29
1336,SÃO PAULO,355030833A,SP,AC Central de SP,-46.635987,-23.543311,2019-01-29 22:30:00,0.2,22:30,2019-01-29
1337,SÃO PAULO,355030833A,SP,AC Central de SP,-46.635987,-23.543311,2019-01-29 22:50:00,0.2,22:50,2019-01-29
1338,SÃO PAULO,355030833A,SP,AC Central de SP,-46.635987,-23.543311,2019-01-29 23:00:00,0.2,23:00,2019-01-29
1339,SÃO PAULO,355030833A,SP,AC Central de SP,-46.635987,-23.543311,2019-01-29 23:20:00,0.2,23:20,2019-01-29
1340,SÃO PAULO,355030833A,SP,AC Central de SP,-46.635987,-23.543311,2019-01-29 23:40:00,0.2,23:40,2019-01-29
1341,SÃO PAULO,355030833A,SP,AC Central de SP,-46.635987,-23.543311,2019-01-29 23:50:00,0.0,23:50,2019-01-29
1342,SÃO PAULO,355030833A,SP,AC Central de SP,-46.635987,-23.543311,2019-01-30 00:00:00,0.2,00:00,2019-01-30
1343,SÃO PAULO,355030833A,SP,AC Central de SP,-46.635987,-23.543311,2019-01-30 00:20:00,0.2,00:20,2019-01-30
1344,SÃO PAULO,355030833A,SP,AC Central de SP,-46.635987,-23.543311,2019-01-30 00:40:00,0.2,00:40,2019-01-30
1345,SÃO PAULO,355030833A,SP,AC Central de SP,-46.635987,-23.543311,2019-01-30 00:50:00,0.2,00:50,2019-01-30
1346,SÃO PAULO,355030833A,SP,AC Central de SP,-46.635987,-23.543311,2019-01-30 01:10:00,0.2,01:10,2019-01-30
1347,SÃO PAULO,355030833A,SP,AC Central de SP,-46.635987,-23.543311,2019-01-30 01:30:00,0.2,01:30,2019-01-30
1348,SÃO PAULO,355030833A,SP,AC Central de SP,-46.635987,-23.543311,2019-01-30 01:50:00,0.2,01:50,2019-01-30
1349,SÃO PAULO,355030833A,SP,AC Central de SP,-46.635987,-23.543311,2019-01-30 02:10:00,0.2,02:10,2019-01-30
1350,SÃO PAULO,355030833A,SP,AC Central de SP,-46.635987,-23.543311,2019-01-30 02:30:00,0.2,02:30,2019-01-30
1351,SÃO PAULO,355030833A,SP,AC Central de SP,-46.635987,-23.543311,2019-01-30 02:50:00,0.2,02:50,2019-01-30
1352,SÃO PAULO,355030833A,SP,AC Central de SP,-46.635987,-23.543311,2019-01-30 03:10:00,0.2,03:10,2019-01-30
1353,SÃO PAULO,355030833A,SP,AC Central de SP,-46.635987,-23.543311,2019-01-30 03:30:00,0.2,03:30,2019-01-30
1354,SÃO PAULO,355030833A,SP,AC Central de SP,-46.635987,-23.543311,2019-01-30 03:50:00,0.2,03:50,2019-01-30
1355,SÃO PAULO,355030833A,SP,AC Central de SP,-46.635987,-23.543311,2019-01-30 04:20:00,0.2,04:20,2019-01-30
1356,SÃO PAULO,355030833A,SP,AC Central de SP,-46.635987,-23.543311,2019-01-30 04:40:00,0.2,04:40,2019-01-30
1357,SÃO PAULO,355030833A,SP,AC Central de SP,-46.635987,-23.543311,2019-01-30 04:50:00,0.0,04:50,2019-01-30
1358,SÃO PAULO,355030833A,SP,AC Central de SP,-46.635987,-23.543311,2019-01-30 05:00:00,0.2,05:00,2019-01-30
1359,SÃO PAULO,355030833A,SP,AC Central de SP,-46.635987,-23.543311,2019-01-30 05:30:00,0.2,05:30,2019-01-30
1360,SÃO PAULO,355030833A,SP,AC Central de SP,-46.635987,-23.543311,2019-01-30 05:50:00,0.2,05:50,2019-01-30
1361,SÃO PAULO,355030833A,SP,AC Central de SP,-46.635987,-23.543311,2019-01-30 06:10:00,0.2,06:10,2019-01-30
1362,SÃO PAULO,355030833A,SP,AC Central de SP,-46.635987,-23.543311,2019-01-30 06:40:00,0.2,06:40,2019-01-30
1363,SÃO PAULO,355030833A,SP,AC Central de SP,-46.635987,-23.543311,2019-01-30 06:50:00,0.0,06:50,2019-01-30
1364,SÃO PAULO,355030833A,SP,AC Central de SP,-46.635987,-23.543311,2019-01-30 07:10:00,0.2,07:10,2019-01-30
1365,SÃO PAULO,355030833A,SP,AC Central de SP,-46.635987,-23.543311,2019-01-30 07:30:00,0.2,07:30,2019-01-30
1366,SÃO PAULO,355030833A,SP,AC Central de SP,-46.635987,-23.543311,2019-01-30 08:00:00,0.2,08:00,2019-01-30
1367,SÃO PAULO,355030833A,SP,AC Central de SP,-46.635987,-23.543311,2019-01-30 08:30:00,0.2,08:30,2019-01-30
1368,SÃO PAULO,355030833A,SP,AC Central de SP,-46.635987,-23.543311,2019-01-30 08:50:00,0.0,08:50,2019-01-30
1369,SÃO PAULO,355030833A,SP,AC Central de SP,-46.635987,-23.543311,2019-01-30 09:00:00,0.2,09:00,2019-01-30
1370,SÃO PAULO,355030833A,SP,AC Central de SP,-46.635987,-23.543311,2019-01-30 09:20:00,0.2,09:20,2019-01-30
1371,SÃO PAULO,355030833A,SP,AC Central de SP,-46.635987,-23.543311,2019-01-30 09:50:00,0.2,09:50,2019-01-30
1372,SÃO PAULO,355030833A,SP,AC Central de SP,-46.635987,-23.543311,2019-01-30 10:20:00,0.2,10:20,2019-01-30
1373,SÃO PAULO,355030833A,SP,AC Central de SP,-46.635987,-23.543311,2019-01-30 10:40:00,0.2,10:40,2019-01-30
1374,SÃO PAULO,355030833A,SP,AC Central de SP,-46.635987,-23.543311,2019-01-30 10:50:00,0.0,10:50,2019-01-30
1375,SÃO PAULO,355030833A,SP,AC Central de SP,-46.635987,-23.543311,2019-01-30 11:10:00,0.2,11:10,2019-01-30
1376,SÃO PAULO,355030833A,SP,AC Central de SP,-46.635987,-23.543311,2019-01-30 11:40:00,0.2,11:40,2019-01-30
1377,SÃO PAULO,355030833A,SP,AC Central de SP,-46.635987,-23.543311,2019-01-30 11:50:00,0.0,11:50,2019-01-30
1378,SÃO PAULO,355030833A,SP,AC Central de SP,-46.635987,-23.543311,2019-01-30 12:00:00,0.2,12:00,2019-01-30
1379,SÃO PAULO,355030833A,SP,AC Central de SP,-46.635987,-23.543311,2019-01-30 12:30:00,0.2,12:30,2019-01-30
1380,SÃO PAULO,355030833A,SP,AC Central de SP,-46.635987,-23.543311,2019-01-30 12:50:00,0.0,12:50,2019-01-30
1381,SÃO PAULO,355030833A,SP,AC Central de SP,-46.635987,-23.543311,2019-01-30 13:10:00,0.2,13:10,2019-01-30
1382,SÃO PAULO,355030833A,SP,AC Central de SP,-46.635987,-23.543311,2019-01-30 13:40:00,0.2,13:40,2019-01-30
1383,SÃO PAULO,355030833A,SP,AC Central de SP,-46.635987,-23.543311,2019-01-30 13:50:00,0.0,13:50,2019-01-30
1384,SÃO PAULO,355030833A,SP,AC Central de SP,-46.635987,-23.543311,2019-01-30 14:20:00,0.2,14:20,2019-01-30
1385,SÃO PAULO,355030833A,SP,AC Central de SP,-46.635987,-23.543311,2019-01-30 14:50:00,0.0,14:50,2019-01-30
1386,SÃO PAULO,355030833A,SP,AC Central de SP,-46.635987,-23.543311,2019-01-30 15:00:00,0.2,15:00,2019-01-30
1387,SÃO PAULO,355030833A,SP,AC Central de SP,-46.635987,-23.543311,2019-01-30 15:50:00,0.0,15:50,2019-01-30
1388,SÃO PAULO,355030833A,SP,AC Central de SP,-46.635987,-23.543311,2019-01-30 16:00:00,0.2,16:00,2019-01-30
1389,SÃO PAULO,355030833A,SP,AC Central de SP,-46.635987,-23.543311,2019-01-30 16:50:00,0.2,16:50,2019-01-30
1390,SÃO PAULO,355030833A,SP,AC Central de SP,-46.635987,-23.543311,2019-01-30 17:50:00,0.2,17:50,2019-01-30
1391,SÃO PAULO,355030833A,SP,AC Central de SP,-46.635987,-23.543311,2019-01-30 18:20:00,0.2,18:20,2019-01-30
1392,SÃO PAULO,355030833A,SP,AC Central de SP,-46.635987,-23.543311,2019-01-30 18:40:00,15.31,18:40,2019-01-30
1393,SÃO PAULO,355030833A,SP,AC Central de SP,-46.635987,-23.543311,2019-01-30 18:50:00,1.38,18:50,2019-01-30
1394,SÃO PAULO,355030833A,SP,AC Central de SP,-46.635987,-23.543311,2019-01-30 19:00:00,0.59,19:00,2019-01-30
1395,SÃO PAULO,355030833A,SP,AC Central de SP,-46.635987,-23.543311,2019-01-30 19:10:00,0.59,19:10,2019-01-30
1396,SÃO PAULO,355030833A,SP,AC Central de SP,-46.635987,-23.543311,2019-01-30 19:30:00,0.2,19:30,2019-01-30
1397,SÃO PAULO,355030833A,SP,AC Central de SP,-46.635987,-23.543311,2019-01-30 19:50:00,0.0,19:50,2019-01-30
1398,SÃO PAULO,355030833A,SP,AC Central de SP,-46.635987,-23.543311,2019-01-30 20:50:00,0.0,20:50,2019-01-30
1399,SÃO PAULO,355030833A,SP,AC Central de SP,-46.635987,-23.543311,2019-01-30 21:50:00,0.0,21:50,2019-01-30
1400,SÃO PAULO,355030833A,SP,AC Central de SP,-46.635987,-23.543311,2019-01-30 22:50:00,0.0,22:50,2019-01-30
1401,SÃO PAULO,355030833A,SP,AC Central de SP,-46.635987,-23.543311,2019-01-30 23:50:00,0.0,23:50,2019-01-30
1402,SÃO PAULO,355030833A,SP,AC Central de SP,-46.635987,-23.543311,2019-01-31 00:50:00,0.0,00:50,2019-01-31
1403,SÃO PAULO,355030833A,SP,AC Central de SP,-46.635987,-23.543311,2019-01-31 01:50:00,0.0,01:50,2019-01-31
1404,SÃO PAULO,355030833A,SP,AC Central de SP,-46.635987,-23.543311,2019-01-31 02:50:00,0.0,02:50,2019-01-31
1405,SÃO PAULO,355030833A,SP,AC Central de SP,-46.635987,-23.543311,2019-01-31 03:50:00,0.0,03:50,2019-01-31
1406,SÃO PAULO,355030833A,SP,AC Central de SP,-46.635987,-23.543311,2019-01-31 04:50:00,0.0,04:50,2019-01-31
1407,SÃO PAULO,355030833A,SP,AC Central de SP,-46.635987,-23.543311,2019-01-31 05:50:00,0.0,05:50,2019-01-31
1408,SÃO PAULO,355030833A,SP,AC Central de SP,-46.635987,-23.543311,2019-01-31 06:50:00,0.0,06:50,2019-01-31
1409,SÃO PAULO,355030833A,SP,AC Central de SP,-46.635987,-23.543311,2019-01-31 07:50:00,0.0,07:50,2019-01-31
1410,SÃO PAULO,355030833A,SP,AC Central de SP,-46.635987,-23.543311,2019-01-31 08:50:00,0.0,08:50,2019-01-31
1411,SÃO PAULO,355030833A,SP,AC Central de SP,-46.635987,-23.543311,2019-01-31 09:50:00,0.0,09:50,2019-01-31
1412,SÃO PAULO,355030833A,SP,AC Central de SP,-46.635987,-23.543311,2019-01-31 10:50:00,0.0,10:50,2019-01-31
1413,SÃO PAULO,355030833A,SP,AC Central de SP,-46.635987,-23.543311,2019-01-31 11:50:00,0.0,11:50,2019-01-31
1414,SÃO PAULO,355030833A,SP,AC Central de SP,-46.635987,-23.543311,2019-01-31 12:50:00,0.0,12:50,2019-01-31
1415,SÃO PAULO,355030833A,SP,AC Central de SP,-46.635987,-23.543311,2019-01-31 13:50:00,0.0,13:50,2019-01-31
1416,SÃO PAULO,355030833A,SP,AC Central de SP,-46.635987,-23.543311,2019-01-31 14:50:00,0.0,14:50,2019-01-31
1417,SÃO PAULO,355030833A,SP,AC Central de SP,-46.635987,-23.543311,2019-01-31 15:50:00,0.0,15:50,2019-01-31
1418,SÃO PAULO,355030833A,SP,AC Central de SP,-46.635987,-23.543311,2019-01-31 16:50:00,0.0,16:50,2019-01-31
1419,SÃO PAULO,355030833A,SP,AC Central de SP,-46.635987,-23.543311,2019-01-31 17:50:00,0.0,17:50,2019-01-31
1420,SÃO PAULO,355030833A,SP,AC Central de SP,-46.635987,-23.543311,2019-01-31 18:50:00,0.0,18:50,2019-01-31
1421,SÃO PAULO,355030833A,SP,AC Central de SP,-46.635987,-23.543311,2019-01-31 19:50:00,0.0,19:50,2019-01-31
1422,SÃO PAULO,355030833A,SP,AC Central de SP,-46.635987,-23.543311,2019-01-31 20:50:00,0.0,20:50,2019-01-31
1423,SÃO PAULO,355030833A,SP,AC Central de SP,-46.635987,-23.543311,2019-01-31 21:50:00,0.0,21:50,2019-01-31
1424,SÃO PAULO,355030833A,SP,AC Central de SP,-46.635987,-23.543311,2019-01-31 22:50:00,0.0,22:50,2019-01-31
1425,SÃO PAULO,355030833A,SP,AC Central de SP,-46.635987,-23.543311,2019-01-31 23:50:00,0.0,23:50,2019-01-31
1426,SÃO PAULO,355030833A,SP,AC Central de SP,-46.635987,-23.543311,2019-02-01 00:50:00,0.0,00:50,2019-02-01
1427,SÃO PAULO,355030833A,SP,AC Central de SP,-46.635987,-23.543311,2019-02-01 01:50:00,0.0,01:50,2019-02-01
1428,SÃO PAULO,355030833A,SP,AC Central de SP,-46.635987,-23.543311,2019-02-01 02:50:00,0.0,02:50,2019-02-01
1429,SÃO PAULO,355030833A,SP,AC Central de SP,-46.635987,-23.543311,2019-02-01 03:50:00,0.0,03:50,2019-02-01
1430,SÃO PAULO,355030833A,SP,AC Central de SP,-46.635987,-23.543311,2019-02-01 04:50:00,0.0,04:50,2019-02-01
1431,SÃO PAULO,355030833A,SP,AC Central de SP,-46.635987,-23.543311,2019-02-01 05:50:00,0.0,05:50,2019-02-01
1432,SÃO PAULO,355030833A,SP,AC Central de SP,-46.635987,-23.543311,2019-02-01 06:50:00,0.0,06:50,2019-02-01
1433,SÃO PAULO,355030833A,SP,AC Central de SP,-46.635987,-23.543311,2019-02-01 07:50:00,0.0,07:50,2019-02-01
1434,SÃO PAULO,355030833A,SP,AC Central de SP,-46.635987,-23.543311,2019-02-01 08:50:00,0.0,08:50,2019-02-01
1435,SÃO PAULO,355030833A,SP,AC Central de SP,-46.635987,-23.543311,2019-02-01 09:50:00,0.0,09:50,2019-02-01
1436,SÃO PAULO,355030833A,SP,AC Central de SP,-46.635987,-23.543311,2019-02-01 10:50:00,0.0,10:50,2019-02-01
1437,SÃO PAULO,355030833A,SP,AC Central de SP,-46.635987,-23.543311,2019-02-01 11:50:00,0.0,11:50,2019-02-01
1438,SÃO PAULO,355030833A,SP,AC Central de SP,-46.635987,-23.543311,2019-02-01 12:50:00,0.0,12:50,2019-02-01
1439,SÃO PAULO,355030833A,SP,AC Central de SP,-46.635987,-23.543311,2019-02-01 13:50:00,0.0,13:50,2019-02-01
1440,SÃO PAULO,355030833A,SP,AC Central de SP,-46.635987,-23.543311,2019-02-01 14:50:00,0.0,14:50,2019-02-01
1441,SÃO PAULO,355030833A,SP,AC Central de SP,-46.635987,-23.543311,2019-02-01 15:50:00,0.0,15:50,2019-02-01
1442,SÃO PAULO,355030833A,SP,AC Central de SP,-46.635987,-23.543311,2019-02-01 16:50:00,0.0,16:50,2019-02-01
1443,SÃO PAULO,355030833A,SP,AC Central de SP,-46.635987,-23.543311,2019-02-01 17:50:00,0.0,17:50,2019-02-01
1444,SÃO PAULO,355030833A,SP,AC Central de SP,-46.635987,-23.543311,2019-02-01 18:50:00,0.0,18:50,2019-02-01
1445,SÃO PAULO,355030833A,SP,AC Central de SP,-46.635987,-23.543311,2019-02-01 19:50:00,0.0,19:50,2019-02-01
1446,SÃO PAULO,355030833A,SP,AC Central de SP,-46.635987,-23.543311,2019-02-01 20:50:00,0.0,20:50,2019-02-01
1447,SÃO PAULO,355030833A,SP,AC Central de SP,-46.635987,-23.543311,2019-02-01 21:50:00,0.0,21:50,2019-02-01
1448,SÃO PAULO,355030833A,SP,AC Central de SP,-46.635987,-23.543311,2019-02-01 22:50:00,0.0,22:50,2019-02-01
1449,SÃO PAULO,355030833A,SP,AC Central de SP,-46.635987,-23.543311,2019-02-01 23:50:00,0.0,23:50,2019-02-01
1450,SÃO PAULO,355030833A,SP,AC Central de SP,-46.635987,-23.543311,2019-02-02 00:50:00,0.0,00:50,2019-02-02
1451,SÃO PAULO,355030833A,SP,AC Central de SP,-46.635987,-23.543311,2019-02-02 01:50:00,0.0,01:50,2019-02-02
1452,SÃO PAULO,355030833A,SP,AC Central de SP,-46.635987,-23.543311,2019-02-02 02:50:00,0.0,02:50,2019-02-02
1453,SÃO PAULO,355030833A,SP,AC Central de SP,-46.635987,-23.543311,2019-02-02 03:50:00,0.0,03:50,2019-02-02
1454,SÃO PAULO,355030833A,SP,AC Central de SP,-46.635987,-23.543311,2019-02-02 04:50:00,0.0,04:50,2019-02-02
1455,SÃO PAULO,355030833A,SP,AC Central de SP,-46.635987,-23.543311,2019-02-02 05:50:00,0.0,05:50,2019-02-02
1456,SÃO PAULO,355030833A,SP,AC Central de SP,-46.635987,-23.543311,2019-02-02 06:50:00,0.0,06:50,2019-02-02
1457,SÃO PAULO,355030833A,SP,AC Central de SP,-46.635987,-23.543311,2019-02-02 07:50:00,0.0,07:50,2019-02-02
1458,SÃO PAULO,355030833A,SP,AC Central de SP,-46.635987,-23.543311,2019-02-02 08:50:00,0.0,08:50,2019-02-02
1459,SÃO PAULO,355030833A,SP,AC Central de SP,-46.635987,-23.543311,2019-02-02 09:50:00,0.0,09:50,2019-02-02
1460,SÃO PAULO,355030833A,SP,AC Central de SP,-46.635987,-23.543311,2019-02-02 10:50:00,0.0,10:50,2019-02-02
1461,SÃO PAULO,355030833A,SP,AC Central de SP,-46.635987,-23.543311,2019-02-02 11:50:00,0.0,11:50,2019-02-02
1462,SÃO PAULO,355030833A,SP,AC Central de SP,-46.635987,-23.543311,2019-02-02 12:50:00,0.0,12:50,2019-02-02
1463,SÃO PAULO,355030833A,SP,AC Central de SP,-46.635987,-23.543311,2019-02-02 13:50:00,0.0,13:50,2019-02-02
1464,SÃO PAULO,355030833A,SP,AC Central de SP,-46.635987,-23.543311,2019-02-02 14:50:00,0.0,14:50,2019-02-02
1465,SÃO PAULO,355030833A,SP,AC Central de SP,-46.635987,-23.543311,2019-02-02 15:50:00,0.0,15:50,2019-02-02
1466,SÃO PAULO,355030833A,SP,AC Central de SP,-46.635987,-23.543311,2019-02-02 16:50:00,0.0,16:50,2019-02-02
1467,SÃO PAULO,355030833A,SP,AC Central de SP,-46.635987,-23.543311,2019-02-02 17:50:00,0.0,17:50,2019-02-02
1468,SÃO PAULO,355030833A,SP,AC Central de SP,-46.635987,-23.543311,2019-02-02 18:50:00,0.0,18:50,2019-02-02
1469,SÃO PAULO,355030833A,SP,AC Central de SP,-46.635987,-23.543311,2019-02-02 19:50:00,0.0,19:50,2019-02-02
1470,SÃO PAULO,355030833A,SP,AC Central de SP,-46.635987,-23.543311,2019-02-02 20:50:00,0.0,20:50,2019-02-02
1471,SÃO PAULO,355030833A,SP,AC Central de SP,-46.635987,-23.543311,2019-02-02 21:50:00,0.0,21:50,2019-02-02
1472,SÃO PAULO,355030833A,SP,AC Central de SP,-46.635987,-23.543311,2019-02-02 22:50:00,0.0,22:50,2019-02-02
1473,SÃO PAULO,355030833A,SP,AC Central de SP,-46.635987,-23.543311,2019-02-02 23:50:00,0.0,23:50,2019-02-02
1474,SÃO PAULO,355030833A,SP,AC Central de SP,-46.635987,-23.543311,2019-02-03 00:50:00,0.0,00:50,2019-02-03
1475,SÃO PAULO,355030833A,SP,AC Central de SP,-46.635987,-23.543311,2019-02-03 01:50:00,0.0,01:50,2019-02-03
1476,SÃO PAULO,355030833A,SP,AC Central de SP,-46.635987,-23.543311,2019-02-03 02:50:00,0.0,02:50,2019-02-03
1477,SÃO PAULO,355030833A,SP,AC Central de SP,-46.635987,-23.543311,2019-02-03 03:50:00,0.0,03:50,2019-02-03
1478,SÃO PAULO,355030833A,SP,AC Central de SP,-46.635987,-23.543311,2019-02-03 04:50:00,0.0,04:50,2019-02-03
1479,SÃO PAULO,355030833A,SP,AC Central de SP,-46.635987,-23.543311,2019-02-03 05:50:00,0.0,05:50,2019-02-03
1480,SÃO PAULO,355030833A,SP,AC Central de SP,-46.635987,-23.543311,2019-02-03 06:50:00,0.0,06:50,2019-02-03
1481,SÃO PAULO,355030833A,SP,AC Central de SP,-46.635987,-23.543311,2019-02-03 07:50:00,0.0,07:50,2019-02-03
1482,SÃO PAULO,355030833A,SP,AC Central de SP,-46.635987,-23.543311,2019-02-03 08:50:00,0.0,08:50,2019-02-03
1483,SÃO PAULO,355030833A,SP,AC Central de SP,-46.635987,-23.543311,2019-02-03 09:50:00,0.0,09:50,2019-02-03
1484,SÃO PAULO,355030833A,SP,AC Central de SP,-46.635987,-23.543311,2019-02-03 10:50:00,0.0,10:50,2019-02-03
1485,SÃO PAULO,355030833A,SP,AC Central de SP,-46.635987,-23.543311,2019-02-03 11:50:00,0.0,11:50,2019-02-03
1486,SÃO PAULO,355030833A,SP,AC Central de SP,-46.635987,-23.543311,2019-02-03 12:50:00,0.0,12:50,2019-02-03
1487,SÃO PAULO,355030833A,SP,AC Central de SP,-46.635987,-23.543311,2019-02-03 13:50:00,0.0,13:50,2019-02-03
1488,SÃO PAULO,355030833A,SP,AC Central de SP,-46.635987,-23.543311,2019-02-03 14:50:00,0.0,14:50,2019-02-03
1489,SÃO PAULO,355030833A,SP,AC Central de SP,-46.635987,-23.543311,2019-02-03 15:50:00,0.0,15:50,2019-02-03
1490,SÃO PAULO,355030833A,SP,AC Central de SP,-46.635987,-23.543311,2019-02-03 16:50:00,0.0,16:50,2019-02-03
1491,SÃO PAULO,355030833A,SP,AC Central de SP,-46.635987,-23.543311,2019-02-03 17:50:00,0.0,17:50,2019-02-03
1492,SÃO PAULO,355030833A,SP,AC Central de SP,-46.635987,-23.543311,2019-02-03 18:50:00,0.0,18:50,2019-02-03
1493,SÃO PAULO,355030833A,SP,AC Central de SP,-46.635987,-23.543311,2019-02-03 19:50:00,0.0,19:50,2019-02-03
1494,SÃO PAULO,355030833A,SP,AC Central de SP,-46.635987,-23.543311,2019-02-03 20:50:00,0.0,20:50,2019-02-03
1495,SÃO PAULO,355030833A,SP,AC Central de SP,-46.635987,-23.543311,2019-02-03 21:50:00,0.0,21:50,2019-02-03
1496,SÃO PAULO,355030833A,SP,AC Central de SP,-46.635987,-23.543311,2019-02-03 22:50:00,0.0,22:50,2019-02-03
1497,SÃO PAULO,355030833A,SP,AC Central de SP,-46.635987,-23.543311,2019-02-03 23:50:00,0.0,23:50,2019-02-03
1498,SÃO PAULO,355030833A,SP,AC Central de SP,-46.635987,-23.543311,2019-02-04 00:50:00,0.0,00:50,2019-02-04
1499,SÃO PAULO,355030833A,SP,AC Central de SP,-46.635987,-23.543311,2019-02-04 01:50:00,0.0,01:50,2019-02-04
1500,SÃO PAULO,355030833A,SP,AC Central de SP,-46.635987,-23.543311,2019-02-04 02:50:00,0.0,02:50,2019-02-04
1501,SÃO PAULO,355030833A,SP,AC Central de SP,-46.635987,-23.543311,2019-02-04 03:50:00,0.0,03:50,2019-02-04
1502,SÃO PAULO,355030833A,SP,AC Central de SP,-46.635987,-23.543311,2019-02-04 04:30:00,1.38,04:30,2019-02-04
1503,SÃO PAULO,355030833A,SP,AC Central de SP,-46.635987,-23.543311,2019-02-04 04:40:00,2.36,04:40,2019-02-04
1504,SÃO PAULO,355030833A,SP,AC Central de SP,-46.635987,-23.543311,2019-02-04 04:50:00,1.96,04:50,2019-02-04
1505,SÃO PAULO,355030833A,SP,AC Central de SP,-46.635987,-23.543311,2019-02-04 05:00:00,1.77,05:00,2019-02-04
1506,SÃO PAULO,355030833A,SP,AC Central de SP,-46.635987,-23.543311,2019-02-04 05:10:00,1.57,05:10,2019-02-04
1507,SÃO PAULO,355030833A,SP,AC Central de SP,-46.635987,-23.543311,2019-02-04 05:20:00,1.57,05:20,2019-02-04
1508,SÃO PAULO,355030833A,SP,AC Central de SP,-46.635987,-23.543311,2019-02-04 05:30:00,1.37,05:30,2019-02-04
1509,SÃO PAULO,355030833A,SP,AC Central de SP,-46.635987,-23.543311,2019-02-04 05:40:00,1.37,05:40,2019-02-04
1510,SÃO PAULO,355030833A,SP,AC Central de SP,-46.635987,-23.543311,2019-02-04 05:50:00,1.37,05:50,2019-02-04
1511,SÃO PAULO,355030833A,SP,AC Central de SP,-46.635987,-23.543311,2019-02-04 06:00:00,1.18,06:00,2019-02-04
1512,SÃO PAULO,355030833A,SP,AC Central de SP,-46.635987,-23.543311,2019-02-04 06:10:00,1.18,06:10,2019-02-04
1513,SÃO PAULO,355030833A,SP,AC Central de SP,-46.635987,-23.543311,2019-02-04 06:20:00,1.18,06:20,2019-02-04
1514,SÃO PAULO,355030833A,SP,AC Central de SP,-46.635987,-23.543311,2019-02-04 06:30:00,0.98,06:30,2019-02-04
1515,SÃO PAULO,355030833A,SP,AC Central de SP,-46.635987,-23.543311,2019-02-04 06:40:00,0.98,06:40,2019-02-04
1516,SÃO PAULO,355030833A,SP,AC Central de SP,-46.635987,-23.543311,2019-02-04 06:50:00,0.79,06:50,2019-02-04
1517,SÃO PAULO,355030833A,SP,AC Central de SP,-46.635987,-23.543311,2019-02-04 07:00:00,0.98,07:00,2019-02-04
1518,SÃO PAULO,355030833A,SP,AC Central de SP,-46.635987,-23.543311,2019-02-04 07:10:00,0.79,07:10,2019-02-04
1519,SÃO PAULO,355030833A,SP,AC Central de SP,-46.635987,-23.543311,2019-02-04 07:20:00,0.79,07:20,2019-02-04
1520,SÃO PAULO,355030833A,SP,AC Central de SP,-46.635987,-23.543311,2019-02-04 07:30:00,0.79,07:30,2019-02-04
1521,SÃO PAULO,355030833A,SP,AC Central de SP,-46.635987,-23.543311,2019-02-04 07:40:00,0.79,07:40,2019-02-04
1522,SÃO PAULO,355030833A,SP,AC Central de SP,-46.635987,-23.543311,2019-02-04 07:50:00,0.79,07:50,2019-02-04
1523,SÃO PAULO,355030833A,SP,AC Central de SP,-46.635987,-23.543311,2019-02-04 08:00:00,0.59,08:00,2019-02-04
1524,SÃO PAULO,355030833A,SP,AC Central de SP,-46.635987,-23.543311,2019-02-04 08:10:00,0.79,08:10,2019-02-04
1525,SÃO PAULO,355030833A,SP,AC Central de SP,-46.635987,-23.543311,2019-02-04 08:20:00,0.59,08:20,2019-02-04
1526,SÃO PAULO,355030833A,SP,AC Central de SP,-46.635987,-23.543311,2019-02-04 08:30:00,0.79,08:30,2019-02-04
1527,SÃO PAULO,355030833A,SP,AC Central de SP,-46.635987,-23.543311,2019-02-04 08:40:00,0.59,08:40,2019-02-04
1528,SÃO PAULO,355030833A,SP,AC Central de SP,-46.635987,-23.543311,2019-02-04 08:50:00,0.59,08:50,2019-02-04
1529,SÃO PAULO,355030833A,SP,AC Central de SP,-46.635987,-23.543311,2019-02-04 09:00:00,0.59,09:00,2019-02-04
1530,SÃO PAULO,355030833A,SP,AC Central de SP,-46.635987,-23.543311,2019-02-04 09:10:00,0.59,09:10,2019-02-04
1531,SÃO PAULO,355030833A,SP,AC Central de SP,-46.635987,-23.543311,2019-02-04 09:20:00,0.59,09:20,2019-02-04
1532,SÃO PAULO,355030833A,SP,AC Central de SP,-46.635987,-23.543311,2019-02-04 09:30:00,0.59,09:30,2019-02-04
1533,SÃO PAULO,355030833A,SP,AC Central de SP,-46.635987,-23.543311,2019-02-04 09:40:00,0.59,09:40,2019-02-04
1534,SÃO PAULO,355030833A,SP,AC Central de SP,-46.635987,-23.543311,2019-02-04 09:50:00,0.59,09:50,2019-02-04
1535,SÃO PAULO,355030833A,SP,AC Central de SP,-46.635987,-23.543311,2019-02-04 10:00:00,0.59,10:00,2019-02-04
1536,SÃO PAULO,355030833A,SP,AC Central de SP,-46.635987,-23.543311,2019-02-04 10:10:00,0.39,10:10,2019-02-04
1537,SÃO PAULO,355030833A,SP,AC Central de SP,-46.635987,-23.543311,2019-02-04 10:20:00,0.59,10:20,2019-02-04
1538,SÃO PAULO,355030833A,SP,AC Central de SP,-46.635987,-23.543311,2019-02-04 10:30:00,0.39,10:30,2019-02-04
1539,SÃO PAULO,355030833A,SP,AC Central de SP,-46.635987,-23.543311,2019-02-04 10:40:00,0.59,10:40,2019-02-04
1540,SÃO PAULO,355030833A,SP,AC Central de SP,-46.635987,-23.543311,2019-02-04 10:50:00,0.59,10:50,2019-02-04
1541,SÃO PAULO,355030833A,SP,AC Central de SP,-46.635987,-23.543311,2019-02-04 11:00:00,0.39,11:00,2019-02-04
1542,SÃO PAULO,355030833A,SP,AC Central de SP,-46.635987,-23.543311,2019-02-04 11:10:00,0.39,11:10,2019-02-04
1543,SÃO PAULO,355030833A,SP,AC Central de SP,-46.635987,-23.543311,2019-02-04 11:20:00,0.59,11:20,2019-02-04
1544,SÃO PAULO,355030833A,SP,AC Central de SP,-46.635987,-23.543311,2019-02-04 11:30:00,0.39,11:30,2019-02-04
1545,SÃO PAULO,355030833A,SP,AC Central de SP,-46.635987,-23.543311,2019-02-04 11:40:00,0.39,11:40,2019-02-04
1546,SÃO PAULO,355030833A,SP,AC Central de SP,-46.635987,-23.543311,2019-02-04 11:50:00,0.39,11:50,2019-02-04
1547,SÃO PAULO,355030833A,SP,AC Central de SP,-46.635987,-23.543311,2019-02-04 12:00:00,0.59,12:00,2019-02-04
1548,SÃO PAULO,355030833A,SP,AC Central de SP,-46.635987,-23.543311,2019-02-04 12:10:00,0.39,12:10,2019-02-04
1549,SÃO PAULO,355030833A,SP,AC Central de SP,-46.635987,-23.543311,2019-02-04 12:20:00,0.39,12:20,2019-02-04
1550,SÃO PAULO,355030833A,SP,AC Central de SP,-46.635987,-23.543311,2019-02-04 12:30:00,0.39,12:30,2019-02-04
1551,SÃO PAULO,355030833A,SP,AC Central de SP,-46.635987,-23.543311,2019-02-04 12:40:00,0.39,12:40,2019-02-04
1552,SÃO PAULO,355030833A,SP,AC Central de SP,-46.635987,-23.543311,2019-02-04 12:50:00,0.39,12:50,2019-02-04
1553,SÃO PAULO,355030833A,SP,AC Central de SP,-46.635987,-23.543311,2019-02-04 13:00:00,0.39,13:00,2019-02-04
1554,SÃO PAULO,355030833A,SP,AC Central de SP,-46.635987,-23.543311,2019-02-04 13:10:00,0.39,13:10,2019-02-04
1555,SÃO PAULO,355030833A,SP,AC Central de SP,-46.635987,-23.543311,2019-02-04 13:20:00,0.39,13:20,2019-02-04
1556,SÃO PAULO,355030833A,SP,AC Central de SP,-46.635987,-23.543311,2019-02-04 13:30:00,0.39,13:30,2019-02-04
1557,SÃO PAULO,355030833A,SP,AC Central de SP,-46.635987,-23.543311,2019-02-04 13:40:00,0.39,13:40,2019-02-04
1558,SÃO PAULO,355030833A,SP,AC Central de SP,-46.635987,-23.543311,2019-02-04 13:50:00,0.2,13:50,2019-02-04
1559,SÃO PAULO,355030833A,SP,AC Central de SP,-46.635987,-23.543311,2019-02-04 14:00:00,0.39,14:00,2019-02-04
1560,SÃO PAULO,355030833A,SP,AC Central de SP,-46.635987,-23.543311,2019-02-04 14:10:00,0.2,14:10,2019-02-04
1561,SÃO PAULO,355030833A,SP,AC Central de SP,-46.635987,-23.543311,2019-02-04 14:20:00,0.39,14:20,2019-02-04
1562,SÃO PAULO,355030833A,SP,AC Central de SP,-46.635987,-23.543311,2019-02-04 14:30:00,0.2,14:30,2019-02-04
1563,SÃO PAULO,355030833A,SP,AC Central de SP,-46.635987,-23.543311,2019-02-04 14:40:00,0.39,14:40,2019-02-04
1564,SÃO PAULO,355030833A,SP,AC Central de SP,-46.635987,-23.543311,2019-02-04 14:50:00,0.2,14:50,2019-02-04
1565,SÃO PAULO,355030833A,SP,AC Central de SP,-46.635987,-23.543311,2019-02-04 15:00:00,0.39,15:00,2019-02-04
1566,SÃO PAULO,355030833A,SP,AC Central de SP,-46.635987,-23.543311,2019-02-04 15:10:00,0.2,15:10,2019-02-04
1567,SÃO PAULO,355030833A,SP,AC Central de SP,-46.635987,-23.543311,2019-02-04 15:20:00,0.2,15:20,2019-02-04
1568,SÃO PAULO,355030833A,SP,AC Central de SP,-46.635987,-23.543311,2019-02-04 15:30:00,0.2,15:30,2019-02-04
1569,SÃO PAULO,355030833A,SP,AC Central de SP,-46.635987,-23.543311,2019-02-04 15:40:00,0.39,15:40,2019-02-04
1570,SÃO PAULO,355030833A,SP,AC Central de SP,-46.635987,-23.543311,2019-02-04 15:50:00,0.2,15:50,2019-02-04
1571,SÃO PAULO,355030833A,SP,AC Central de SP,-46.635987,-23.543311,2019-02-04 16:00:00,0.2,16:00,2019-02-04
1572,SÃO PAULO,355030833A,SP,AC Central de SP,-46.635987,-23.543311,2019-02-04 16:10:00,0.2,16:10,2019-02-04
1573,SÃO PAULO,355030833A,SP,AC Central de SP,-46.635987,-23.543311,2019-02-04 16:20:00,0.2,16:20,2019-02-04
1574,SÃO PAULO,355030833A,SP,AC Central de SP,-46.635987,-23.543311,2019-02-04 16:30:00,0.2,16:30,2019-02-04
1575,SÃO PAULO,355030833A,SP,AC Central de SP,-46.635987,-23.543311,2019-02-04 16:40:00,0.2,16:40,2019-02-04
1576,SÃO PAULO,355030833A,SP,AC Central de SP,-46.635987,-23.543311,2019-02-04 16:50:00,0.2,16:50,2019-02-04
1577,SÃO PAULO,355030833A,SP,AC Central de SP,-46.635987,-23.543311,2019-02-04 17:00:00,0.2,17:00,2019-02-04
1578,SÃO PAULO,355030833A,SP,AC Central de SP,-46.635987,-23.543311,2019-02-04 17:20:00,0.2,17:20,2019-02-04
1579,SÃO PAULO,355030833A,SP,AC Central de SP,-46.635987,-23.543311,2019-02-04 17:30:00,0.2,17:30,2019-02-04
1580,SÃO PAULO,355030833A,SP,AC Central de SP,-46.635987,-23.543311,2019-02-04 17:40:00,0.2,17:40,2019-02-04
1581,SÃO PAULO,355030833A,SP,AC Central de SP,-46.635987,-23.543311,2019-02-04 17:50:00,0.2,17:50,2019-02-04
1582,SÃO PAULO,355030833A,SP,AC Central de SP,-46.635987,-23.543311,2019-02-04 18:00:00,0.2,18:00,2019-02-04
1583,SÃO PAULO,355030833A,SP,AC Central de SP,-46.635987,-23.543311,2019-02-04 18:20:00,0.2,18:20,2019-02-04
1584,SÃO PAULO,355030833A,SP,AC Central de SP,-46.635987,-23.543311,2019-02-04 18:30:00,0.2,18:30,2019-02-04
1585,SÃO PAULO,355030833A,SP,AC Central de SP,-46.635987,-23.543311,2019-02-04 18:40:00,0.2,18:40,2019-02-04
1586,SÃO PAULO,355030833A,SP,AC Central de SP,-46.635987,-23.543311,2019-02-04 18:50:00,0.0,18:50,2019-02-04
1587,SÃO PAULO,355030833A,SP,AC Central de SP,-46.635987,-23.543311,2019-02-04 19:00:00,0.2,19:00,2019-02-04
1588,SÃO PAULO,355030833A,SP,AC Central de SP,-46.635987,-23.543311,2019-02-04 19:10:00,0.2,19:10,2019-02-04
1589,SÃO PAULO,355030833A,SP,AC Central de SP,-46.635987,-23.543311,2019-02-04 19:20:00,0.2,19:20,2019-02-04
1590,SÃO PAULO,355030833A,SP,AC Central de SP,-46.635987,-23.543311,2019-02-04 19:40:00,0.2,19:40,2019-02-04
1591,SÃO PAULO,355030833A,SP,AC Central de SP,-46.635987,-23.543311,2019-02-04 19:50:00,0.2,19:50,2019-02-04
1592,SÃO PAULO,355030833A,SP,AC Central de SP,-46.635987,-23.543311,2019-02-04 20:10:00,0.2,20:10,2019-02-04
1593,SÃO PAULO,355030833A,SP,AC Central de SP,-46.635987,-23.543311,2019-02-04 20:20:00,0.2,20:20,2019-02-04
1594,SÃO PAULO,355030833A,SP,AC Central de SP,-46.635987,-23.543311,2019-02-04 20:30:00,0.2,20:30,2019-02-04
1595,SÃO PAULO,355030833A,SP,AC Central de SP,-46.635987,-23.543311,2019-02-04 20:50:00,0.2,20:50,2019-02-04
1596,SÃO PAULO,355030833A,SP,AC Central de SP,-46.635987,-23.543311,2019-02-04 21:00:00,0.2,21:00,2019-02-04
1597,SÃO PAULO,355030833A,SP,AC Central de SP,-46.635987,-23.543311,2019-02-04 21:10:00,0.2,21:10,2019-02-04
1598,SÃO PAULO,355030833A,SP,AC Central de SP,-46.635987,-23.543311,2019-02-04 21:30:00,0.2,21:30,2019-02-04
1599,SÃO PAULO,355030833A,SP,AC Central de SP,-46.635987,-23.543311,2019-02-04 21:40:00,0.2,21:40,2019-02-04
1600,SÃO PAULO,355030833A,SP,AC Central de SP,-46.635987,-23.543311,2019-02-04 21:50:00,0.2,21:50,2019-02-04
1601,SÃO PAULO,355030833A,SP,AC Central de SP,-46.635987,-23.543311,2019-02-04 22:00:00,0.2,22:00,2019-02-04
1602,SÃO PAULO,355030833A,SP,AC Central de SP,-46.635987,-23.543311,2019-02-04 22:20:00,0.2,22:20,2019-02-04
1603,SÃO PAULO,355030833A,SP,AC Central de SP,-46.635987,-23.543311,2019-02-04 22:30:00,0.2,22:30,2019-02-04
1604,SÃO PAULO,355030833A,SP,AC Central de SP,-46.635987,-23.543311,2019-02-04 22:40:00,0.2,22:40,2019-02-04
1605,SÃO PAULO,355030833A,SP,AC Central de SP,-46.635987,-23.543311,2019-02-04 22:50:00,0.2,22:50,2019-02-04
1606,SÃO PAULO,355030833A,SP,AC Central de SP,-46.635987,-23.543311,2019-02-04 23:10:00,0.2,23:10,2019-02-04
1607,SÃO PAULO,355030833A,SP,AC Central de SP,-46.635987,-23.543311,2019-02-04 23:20:00,0.2,23:20,2019-02-04
1608,SÃO PAULO,355030833A,SP,AC Central de SP,-46.635987,-23.543311,2019-02-04 23:40:00,0.2,23:40,2019-02-04
1609,SÃO PAULO,355030833A,SP,AC Central de SP,-46.635987,-23.543311,2019-02-04 23:50:00,0.2,23:50,2019-02-04
1610,SÃO PAULO,355030833A,SP,AC Central de SP,-46.635987,-23.543311,2019-02-05 00:10:00,0.2,00:10,2019-02-05
1611,SÃO PAULO,355030833A,SP,AC Central de SP,-46.635987,-23.543311,2019-02-05 00:20:00,0.2,00:20,2019-02-05
1612,SÃO PAULO,355030833A,SP,AC Central de SP,-46.635987,-23.543311,2019-02-05 00:40:00,0.2,00:40,2019-02-05
1613,SÃO PAULO,355030833A,SP,AC Central de SP,-46.635987,-23.543311,2019-02-05 00:50:00,0.2,00:50,2019-02-05
1614,SÃO PAULO,355030833A,SP,AC Central de SP,-46.635987,-23.543311,2019-02-05 01:10:00,0.2,01:10,2019-02-05
1615,SÃO PAULO,355030833A,SP,AC Central de SP,-46.635987,-23.543311,2019-02-05 01:20:00,0.2,01:20,2019-02-05
1616,SÃO PAULO,355030833A,SP,AC Central de SP,-46.635987,-23.543311,2019-02-05 01:40:00,0.2,01:40,2019-02-05
1617,SÃO PAULO,355030833A,SP,AC Central de SP,-46.635987,-23.543311,2019-02-05 01:50:00,0.0,01:50,2019-02-05
1618,SÃO PAULO,355030833A,SP,AC Central de SP,-46.635987,-23.543311,2019-02-05 02:00:00,0.2,02:00,2019-02-05
1619,SÃO PAULO,355030833A,SP,AC Central de SP,-46.635987,-23.543311,2019-02-05 02:20:00,0.2,02:20,2019-02-05
1620,SÃO PAULO,355030833A,SP,AC Central de SP,-46.635987,-23.543311,2019-02-05 02:40:00,0.2,02:40,2019-02-05
1621,SÃO PAULO,355030833A,SP,AC Central de SP,-46.635987,-23.543311,2019-02-05 02:50:00,0.0,02:50,2019-02-05
1622,SÃO PAULO,355030833A,SP,AC Central de SP,-46.635987,-23.543311,2019-02-05 03:10:00,0.2,03:10,2019-02-05
1623,SÃO PAULO,355030833A,SP,AC Central de SP,-46.635987,-23.543311,2019-02-05 03:50:00,0.0,03:50,2019-02-05
1624,SÃO PAULO,355030833A,SP,AC Central de SP,-46.635987,-23.543311,2019-02-05 04:50:00,0.0,04:50,2019-02-05
1625,SÃO PAULO,355030833A,SP,AC Central de SP,-46.635987,-23.543311,2019-02-05 05:50:00,0.0,05:50,2019-02-05
1626,SÃO PAULO,355030833A,SP,AC Central de SP,-46.635987,-23.543311,2019-02-05 06:50:00,0.0,06:50,2019-02-05
1627,SÃO PAULO,355030833A,SP,AC Central de SP,-46.635987,-23.543311,2019-02-05 07:50:00,0.0,07:50,2019-02-05
1628,SÃO PAULO,355030833A,SP,AC Central de SP,-46.635987,-23.543311,2019-02-05 08:50:00,0.0,08:50,2019-02-05
1629,SÃO PAULO,355030833A,SP,AC Central de SP,-46.635987,-23.543311,2019-02-05 09:50:00,0.0,09:50,2019-02-05
1630,SÃO PAULO,355030833A,SP,AC Central de SP,-46.635987,-23.543311,2019-02-05 10:50:00,0.0,10:50,2019-02-05
1631,SÃO PAULO,355030833A,SP,AC Central de SP,-46.635987,-23.543311,2019-02-05 11:50:00,0.0,11:50,2019-02-05
1632,SÃO PAULO,355030833A,SP,AC Central de SP,-46.635987,-23.543311,2019-02-05 12:50:00,0.0,12:50,2019-02-05
1633,SÃO PAULO,355030833A,SP,AC Central de SP,-46.635987,-23.543311,2019-02-05 13:50:00,0.0,13:50,2019-02-05
1634,SÃO PAULO,355030833A,SP,AC Central de SP,-46.635987,-23.543311,2019-02-05 14:50:00,0.0,14:50,2019-02-05
1635,SÃO PAULO,355030833A,SP,AC Central de SP,-46.635987,-23.543311,2019-02-05 15:50:00,0.0,15:50,2019-02-05
1636,SÃO PAULO,355030833A,SP,AC Central de SP,-46.635987,-23.543311,2019-02-05 16:50:00,0.0,16:50,2019-02-05
1637,SÃO PAULO,355030833A,SP,AC Central de SP,-46.635987,-23.543311,2019-02-05 17:50:00,0.0,17:50,2019-02-05
1638,SÃO PAULO,355030833A,SP,AC Central de SP,-46.635987,-23.543311,2019-02-05 18:50:00,0.0,18:50,2019-02-05
1639,SÃO PAULO,355030833A,SP,AC Central de SP,-46.635987,-23.543311,2019-02-05 19:50:00,0.0,19:50,2019-02-05
1640,SÃO PAULO,355030833A,SP,AC Central de SP,-46.635987,-23.543311,2019-02-05 20:50:00,0.0,20:50,2019-02-05
1641,SÃO PAULO,355030833A,SP,AC Central de SP,-46.635987,-23.543311,2019-02-05 21:50:00,0.0,21:50,2019-02-05
1642,SÃO PAULO,355030833A,SP,AC Central de SP,-46.635987,-23.543311,2019-02-05 22:50:00,0.0,22:50,2019-02-05
1643,SÃO PAULO,355030833A,SP,AC Central de SP,-46.635987,-23.543311,2019-02-05 23:40:00,0.2,23:40,2019-02-05
1644,SÃO PAULO,355030833A,SP,AC Central de SP,-46.635987,-23.543311,2019-02-05 23:50:00,0.2,23:50,2019-02-05
1645,SÃO PAULO,355030833A,SP,AC Central de SP,-46.635987,-23.543311,2019-02-06 00:00:00,0.2,00:00,2019-02-06
1646,SÃO PAULO,355030833A,SP,AC Central de SP,-46.635987,-23.543311,2019-02-06 00:10:00,0.2,00:10,2019-02-06
1647,SÃO PAULO,355030833A,SP,AC Central de SP,-46.635987,-23.543311,2019-02-06 00:20:00,0.2,00:20,2019-02-06
1648,SÃO PAULO,355030833A,SP,AC Central de SP,-46.635987,-23.543311,2019-02-06 00:50:00,0.0,00:50,2019-02-06
1649,SÃO PAULO,355030833A,SP,AC Central de SP,-46.635987,-23.543311,2019-02-06 01:50:00,0.0,01:50,2019-02-06
1650,SÃO PAULO,355030833A,SP,AC Central de SP,-46.635987,-23.543311,2019-02-06 02:50:00,0.0,02:50,2019-02-06
1651,SÃO PAULO,355030833A,SP,AC Central de SP,-46.635987,-23.543311,2019-02-06 03:50:00,0.0,03:50,2019-02-06
1652,SÃO PAULO,355030833A,SP,AC Central de SP,-46.635987,-23.543311,2019-02-06 04:50:00,0.0,04:50,2019-02-06
1653,SÃO PAULO,355030833A,SP,AC Central de SP,-46.635987,-23.543311,2019-02-06 05:50:00,0.0,05:50,2019-02-06
1654,SÃO PAULO,355030833A,SP,AC Central de SP,-46.635987,-23.543311,2019-02-06 06:50:00,0.0,06:50,2019-02-06
1655,SÃO PAULO,355030833A,SP,AC Central de SP,-46.635987,-23.543311,2019-02-06 07:50:00,0.0,07:50,2019-02-06
1656,SÃO PAULO,355030833A,SP,AC Central de SP,-46.635987,-23.543311,2019-02-06 08:50:00,0.2,08:50,2019-02-06
1657,SÃO PAULO,355030833A,SP,AC Central de SP,-46.635987,-23.543311,2019-02-06 09:00:00,0.39,09:00,2019-02-06
1658,SÃO PAULO,355030833A,SP,AC Central de SP,-46.635987,-23.543311,2019-02-06 09:10:00,0.39,09:10,2019-02-06
1659,SÃO PAULO,355030833A,SP,AC Central de SP,-46.635987,-23.543311,2019-02-06 09:20:00,0.2,09:20,2019-02-06
1660,SÃO PAULO,355030833A,SP,AC Central de SP,-46.635987,-23.543311,2019-02-06 09:30:00,0.39,09:30,2019-02-06
1661,SÃO PAULO,355030833A,SP,AC Central de SP,-46.635987,-23.543311,2019-02-06 09:40:00,0.2,09:40,2019-02-06
1662,SÃO PAULO,355030833A,SP,AC Central de SP,-46.635987,-23.543311,2019-02-06 09:50:00,0.39,09:50,2019-02-06
1663,SÃO PAULO,355030833A,SP,AC Central de SP,-46.635987,-23.543311,2019-02-06 10:00:00,0.2,10:00,2019-02-06
1664,SÃO PAULO,355030833A,SP,AC Central de SP,-46.635987,-23.543311,2019-02-06 10:10:00,0.2,10:10,2019-02-06
1665,SÃO PAULO,355030833A,SP,AC Central de SP,-46.635987,-23.543311,2019-02-06 10:20:00,0.39,10:20,2019-02-06
1666,SÃO PAULO,355030833A,SP,AC Central de SP,-46.635987,-23.543311,2019-02-06 10:30:00,0.2,10:30,2019-02-06
1667,SÃO PAULO,355030833A,SP,AC Central de SP,-46.635987,-23.543311,2019-02-06 10:40:00,0.2,10:40,2019-02-06
1668,SÃO PAULO,355030833A,SP,AC Central de SP,-46.635987,-23.543311,2019-02-06 10:50:00,0.2,10:50,2019-02-06
1669,SÃO PAULO,355030833A,SP,AC Central de SP,-46.635987,-23.543311,2019-02-06 11:00:00,0.39,11:00,2019-02-06
1670,SÃO PAULO,355030833A,SP,AC Central de SP,-46.635987,-23.543311,2019-02-06 11:10:00,0.2,11:10,2019-02-06
1671,SÃO PAULO,355030833A,SP,AC Central de SP,-46.635987,-23.543311,2019-02-06 11:20:00,0.2,11:20,2019-02-06
1672,SÃO PAULO,355030833A,SP,AC Central de SP,-46.635987,-23.543311,2019-02-06 11:30:00,0.2,11:30,2019-02-06
1673,SÃO PAULO,355030833A,SP,AC Central de SP,-46.635987,-23.543311,2019-02-06 11:40:00,0.2,11:40,2019-02-06
1674,SÃO PAULO,355030833A,SP,AC Central de SP,-46.635987,-23.543311,2019-02-06 11:50:00,0.2,11:50,2019-02-06
1675,SÃO PAULO,355030833A,SP,AC Central de SP,-46.635987,-23.543311,2019-02-06 12:00:00,0.2,12:00,2019-02-06
1676,SÃO PAULO,355030833A,SP,AC Central de SP,-46.635987,-23.543311,2019-02-06 12:10:00,0.2,12:10,2019-02-06
1677,SÃO PAULO,355030833A,SP,AC Central de SP,-46.635987,-23.543311,2019-02-06 12:20:00,0.2,12:20,2019-02-06
1678,SÃO PAULO,355030833A,SP,AC Central de SP,-46.635987,-23.543311,2019-02-06 12:30:00,0.2,12:30,2019-02-06
1679,SÃO PAULO,355030833A,SP,AC Central de SP,-46.635987,-23.543311,2019-02-06 12:40:00,0.2,12:40,2019-02-06
1680,SÃO PAULO,355030833A,SP,AC Central de SP,-46.635987,-23.543311,2019-02-06 12:50:00,0.2,12:50,2019-02-06
1681,SÃO PAULO,355030833A,SP,AC Central de SP,-46.635987,-23.543311,2019-02-06 13:00:00,0.2,13:00,2019-02-06
1682,SÃO PAULO,355030833A,SP,AC Central de SP,-46.635987,-23.543311,2019-02-06 13:10:00,0.2,13:10,2019-02-06
1683,SÃO PAULO,355030833A,SP,AC Central de SP,-46.635987,-23.543311,2019-02-06 13:30:00,0.2,13:30,2019-02-06
1684,SÃO PAULO,355030833A,SP,AC Central de SP,-46.635987,-23.543311,2019-02-06 13:40:00,0.2,13:40,2019-02-06
1685,SÃO PAULO,355030833A,SP,AC Central de SP,-46.635987,-23.543311,2019-02-06 13:50:00,0.2,13:50,2019-02-06
1686,SÃO PAULO,355030833A,SP,AC Central de SP,-46.635987,-23.543311,2019-02-06 14:00:00,0.2,14:00,2019-02-06
1687,SÃO PAULO,355030833A,SP,AC Central de SP,-46.635987,-23.543311,2019-02-06 14:10:00,0.2,14:10,2019-02-06
1688,SÃO PAULO,355030833A,SP,AC Central de SP,-46.635987,-23.543311,2019-02-06 14:20:00,0.2,14:20,2019-02-06
1689,SÃO PAULO,355030833A,SP,AC Central de SP,-46.635987,-23.543311,2019-02-06 14:50:00,0.2,14:50,2019-02-06
1690,SÃO PAULO,355030833A,SP,AC Central de SP,-46.635987,-23.543311,2019-02-06 15:20:00,0.2,15:20,2019-02-06
1691,SÃO PAULO,355030833A,SP,AC Central de SP,-46.635987,-23.543311,2019-02-06 15:30:00,0.2,15:30,2019-02-06
1692,SÃO PAULO,355030833A,SP,AC Central de SP,-46.635987,-23.543311,2019-02-06 15:40:00,0.2,15:40,2019-02-06
1693,SÃO PAULO,355030833A,SP,AC Central de SP,-46.635987,-23.543311,2019-02-06 15:50:00,0.2,15:50,2019-02-06
1694,SÃO PAULO,355030833A,SP,AC Central de SP,-46.635987,-23.543311,2019-02-06 16:10:00,0.2,16:10,2019-02-06
1695,SÃO PAULO,355030833A,SP,AC Central de SP,-46.635987,-23.543311,2019-02-06 16:20:00,0.2,16:20,2019-02-06
1696,SÃO PAULO,355030833A,SP,AC Central de SP,-46.635987,-23.543311,2019-02-06 16:30:00,0.2,16:30,2019-02-06
1697,SÃO PAULO,355030833A,SP,AC Central de SP,-46.635987,-23.543311,2019-02-06 16:40:00,0.2,16:40,2019-02-06
1698,SÃO PAULO,355030833A,SP,AC Central de SP,-46.635987,-23.543311,2019-02-06 16:50:00,0.0,16:50,2019-02-06
1699,SÃO PAULO,355030833A,SP,AC Central de SP,-46.635987,-23.543311,2019-02-06 17:00:00,0.2,17:00,2019-02-06
1700,SÃO PAULO,355030833A,SP,AC Central de SP,-46.635987,-23.543311,2019-02-06 17:10:00,0.2,17:10,2019-02-06
1701,SÃO PAULO,355030833A,SP,AC Central de SP,-46.635987,-23.543311,2019-02-06 17:30:00,0.2,17:30,2019-02-06
1702,SÃO PAULO,355030833A,SP,AC Central de SP,-46.635987,-23.543311,2019-02-06 17:40:00,0.2,17:40,2019-02-06
1703,SÃO PAULO,355030833A,SP,AC Central de SP,-46.635987,-23.543311,2019-02-06 17:50:00,0.2,17:50,2019-02-06
1704,SÃO PAULO,355030833A,SP,AC Central de SP,-46.635987,-23.543311,2019-02-06 18:10:00,0.2,18:10,2019-02-06
1705,SÃO PAULO,355030833A,SP,AC Central de SP,-46.635987,-23.543311,2019-02-06 18:20:00,0.2,18:20,2019-02-06
1706,SÃO PAULO,355030833A,SP,AC Central de SP,-46.635987,-23.543311,2019-02-06 18:40:00,0.2,18:40,2019-02-06
1707,SÃO PAULO,355030833A,SP,AC Central de SP,-46.635987,-23.543311,2019-02-06 18:50:00,0.2,18:50,2019-02-06
1708,SÃO PAULO,355030833A,SP,AC Central de SP,-46.635987,-23.543311,2019-02-06 19:10:00,0.2,19:10,2019-02-06
1709,SÃO PAULO,355030833A,SP,AC Central de SP,-46.635987,-23.543311,2019-02-06 19:20:00,0.2,19:20,2019-02-06
1710,SÃO PAULO,355030833A,SP,AC Central de SP,-46.635987,-23.543311,2019-02-06 19:40:00,0.2,19:40,2019-02-06
1711,SÃO PAULO,355030833A,SP,AC Central de SP,-46.635987,-23.543311,2019-02-06 19:50:00,0.2,19:50,2019-02-06
1712,SÃO PAULO,355030833A,SP,AC Central de SP,-46.635987,-23.543311,2019-02-06 20:10:00,0.2,20:10,2019-02-06
1713,SÃO PAULO,355030833A,SP,AC Central de SP,-46.635987,-23.543311,2019-02-06 20:20:00,0.2,20:20,2019-02-06
1714,SÃO PAULO,355030833A,SP,AC Central de SP,-46.635987,-23.543311,2019-02-06 20:40:00,0.2,20:40,2019-02-06
1715,SÃO PAULO,355030833A,SP,AC Central de SP,-46.635987,-23.543311,2019-02-06 20:50:00,0.2,20:50,2019-02-06
1716,SÃO PAULO,355030833A,SP,AC Central de SP,-46.635987,-23.543311,2019-02-06 21:10:00,0.2,21:10,2019-02-06
1717,SÃO PAULO,355030833A,SP,AC Central de SP,-46.635987,-23.543311,2019-02-06 21:30:00,0.2,21:30,2019-02-06
1718,SÃO PAULO,355030833A,SP,AC Central de SP,-46.635987,-23.543311,2019-02-06 21:40:00,0.2,21:40,2019-02-06
1719,SÃO PAULO,355030833A,SP,AC Central de SP,-46.635987,-23.543311,2019-02-06 21:50:00,0.0,21:50,2019-02-06
1720,SÃO PAULO,355030833A,SP,AC Central de SP,-46.635987,-23.543311,2019-02-06 22:00:00,0.2,22:00,2019-02-06
1721,SÃO PAULO,355030833A,SP,AC Central de SP,-46.635987,-23.543311,2019-02-06 22:10:00,0.2,22:10,2019-02-06
1722,SÃO PAULO,355030833A,SP,AC Central de SP,-46.635987,-23.543311,2019-02-06 22:30:00,0.2,22:30,2019-02-06
1723,SÃO PAULO,355030833A,SP,AC Central de SP,-46.635987,-23.543311,2019-02-06 22:40:00,0.2,22:40,2019-02-06
1724,SÃO PAULO,355030833A,SP,AC Central de SP,-46.635987,-23.543311,2019-02-06 22:50:00,0.0,22:50,2019-02-06
1725,SÃO PAULO,355030833A,SP,AC Central de SP,-46.635987,-23.543311,2019-02-06 23:00:00,0.2,23:00,2019-02-06
1726,SÃO PAULO,355030833A,SP,AC Central de SP,-46.635987,-23.543311,2019-02-06 23:10:00,0.2,23:10,2019-02-06
1727,SÃO PAULO,355030833A,SP,AC Central de SP,-46.635987,-23.543311,2019-02-06 23:30:00,0.2,23:30,2019-02-06
1728,SÃO PAULO,355030833A,SP,AC Central de SP,-46.635987,-23.543311,2019-02-06 23:50:00,0.2,23:50,2019-02-06
1729,SÃO PAULO,355030833A,SP,AC Central de SP,-46.635987,-23.543311,2019-02-07 00:00:00,0.2,00:00,2019-02-07
1730,SÃO PAULO,355030833A,SP,AC Central de SP,-46.635987,-23.543311,2019-02-07 00:20:00,0.2,00:20,2019-02-07
1731,SÃO PAULO,355030833A,SP,AC Central de SP,-46.635987,-23.543311,2019-02-07 00:40:00,0.2,00:40,2019-02-07
1732,SÃO PAULO,355030833A,SP,AC Central de SP,-46.635987,-23.543311,2019-02-07 00:50:00,0.2,00:50,2019-02-07
1733,SÃO PAULO,355030833A,SP,AC Central de SP,-46.635987,-23.543311,2019-02-07 01:10:00,0.2,01:10,2019-02-07
1734,SÃO PAULO,355030833A,SP,AC Central de SP,-46.635987,-23.543311,2019-02-07 01:20:00,0.2,01:20,2019-02-07
1735,SÃO PAULO,355030833A,SP,AC Central de SP,-46.635987,-23.543311,2019-02-07 01:40:00,0.2,01:40,2019-02-07
1736,SÃO PAULO,355030833A,SP,AC Central de SP,-46.635987,-23.543311,2019-02-07 01:50:00,0.2,01:50,2019-02-07
1737,SÃO PAULO,355030833A,SP,AC Central de SP,-46.635987,-23.543311,2019-02-07 02:10:00,0.2,02:10,2019-02-07
1738,SÃO PAULO,355030833A,SP,AC Central de SP,-46.635987,-23.543311,2019-02-07 02:20:00,0.2,02:20,2019-02-07
1739,SÃO PAULO,355030833A,SP,AC Central de SP,-46.635987,-23.543311,2019-02-07 02:40:00,0.2,02:40,2019-02-07
1740,SÃO PAULO,355030833A,SP,AC Central de SP,-46.635987,-23.543311,2019-02-07 02:50:00,0.0,02:50,2019-02-07
1741,SÃO PAULO,355030833A,SP,AC Central de SP,-46.635987,-23.543311,2019-02-07 03:00:00,0.2,03:00,2019-02-07
1742,SÃO PAULO,355030833A,SP,AC Central de SP,-46.635987,-23.543311,2019-02-07 03:10:00,0.2,03:10,2019-02-07
1743,SÃO PAULO,355030833A,SP,AC Central de SP,-46.635987,-23.543311,2019-02-07 03:30:00,0.2,03:30,2019-02-07
1744,SÃO PAULO,355030833A,SP,AC Central de SP,-46.635987,-23.543311,2019-02-07 03:40:00,0.2,03:40,2019-02-07
1745,SÃO PAULO,355030833A,SP,AC Central de SP,-46.635987,-23.543311,2019-02-07 03:50:00,0.0,03:50,2019-02-07
1746,SÃO PAULO,355030833A,SP,AC Central de SP,-46.635987,-23.543311,2019-02-07 04:00:00,0.2,04:00,2019-02-07
1747,SÃO PAULO,355030833A,SP,AC Central de SP,-46.635987,-23.543311,2019-02-07 04:20:00,0.2,04:20,2019-02-07
1748,SÃO PAULO,355030833A,SP,AC Central de SP,-46.635987,-23.543311,2019-02-07 04:30:00,0.2,04:30,2019-02-07
1749,SÃO PAULO,355030833A,SP,AC Central de SP,-46.635987,-23.543311,2019-02-07 04:50:00,0.2,04:50,2019-02-07
1750,SÃO PAULO,355030833A,SP,AC Central de SP,-46.635987,-23.543311,2019-02-07 05:00:00,0.2,05:00,2019-02-07
1751,SÃO PAULO,355030833A,SP,AC Central de SP,-46.635987,-23.543311,2019-02-07 05:20:00,0.2,05:20,2019-02-07
1752,SÃO PAULO,355030833A,SP,AC Central de SP,-46.635987,-23.543311,2019-02-07 05:30:00,0.2,05:30,2019-02-07
1753,SÃO PAULO,355030833A,SP,AC Central de SP,-46.635987,-23.543311,2019-02-07 05:50:00,0.2,05:50,2019-02-07
1754,SÃO PAULO,355030833A,SP,AC Central de SP,-46.635987,-23.543311,2019-02-07 06:10:00,0.2,06:10,2019-02-07
1755,SÃO PAULO,355030833A,SP,AC Central de SP,-46.635987,-23.543311,2019-02-07 06:20:00,0.2,06:20,2019-02-07
1756,SÃO PAULO,355030833A,SP,AC Central de SP,-46.635987,-23.543311,2019-02-07 06:40:00,0.2,06:40,2019-02-07
1757,SÃO PAULO,355030833A,SP,AC Central de SP,-46.635987,-23.543311,2019-02-07 06:50:00,0.0,06:50,2019-02-07
1758,SÃO PAULO,355030833A,SP,AC Central de SP,-46.635987,-23.543311,2019-02-07 07:00:00,0.2,07:00,2019-02-07
1759,SÃO PAULO,355030833A,SP,AC Central de SP,-46.635987,-23.543311,2019-02-07 07:10:00,0.2,07:10,2019-02-07
1760,SÃO PAULO,355030833A,SP,AC Central de SP,-46.635987,-23.543311,2019-02-07 07:30:00,0.2,07:30,2019-02-07
1761,SÃO PAULO,355030833A,SP,AC Central de SP,-46.635987,-23.543311,2019-02-07 07:50:00,0.2,07:50,2019-02-07
1762,SÃO PAULO,355030833A,SP,AC Central de SP,-46.635987,-23.543311,2019-02-07 08:00:00,0.2,08:00,2019-02-07
1763,SÃO PAULO,355030833A,SP,AC Central de SP,-46.635987,-23.543311,2019-02-07 08:20:00,0.2,08:20,2019-02-07
1764,SÃO PAULO,355030833A,SP,AC Central de SP,-46.635987,-23.543311,2019-02-07 08:40:00,0.2,08:40,2019-02-07
1765,SÃO PAULO,355030833A,SP,AC Central de SP,-46.635987,-23.543311,2019-02-07 08:50:00,0.0,08:50,2019-02-07
1766,SÃO PAULO,355030833A,SP,AC Central de SP,-46.635987,-23.543311,2019-02-07 09:00:00,0.2,09:00,2019-02-07
1767,SÃO PAULO,355030833A,SP,AC Central de SP,-46.635987,-23.543311,2019-02-07 09:20:00,0.2,09:20,2019-02-07
1768,SÃO PAULO,355030833A,SP,AC Central de SP,-46.635987,-23.543311,2019-02-07 09:30:00,0.2,09:30,2019-02-07
1769,SÃO PAULO,355030833A,SP,AC Central de SP,-46.635987,-23.543311,2019-02-07 09:50:00,0.2,09:50,2019-02-07
1770,SÃO PAULO,355030833A,SP,AC Central de SP,-46.635987,-23.543311,2019-02-07 10:10:00,0.2,10:10,2019-02-07
1771,SÃO PAULO,355030833A,SP,AC Central de SP,-46.635987,-23.543311,2019-02-07 10:30:00,0.2,10:30,2019-02-07
1772,SÃO PAULO,355030833A,SP,AC Central de SP,-46.635987,-23.543311,2019-02-07 10:50:00,0.2,10:50,2019-02-07
1773,SÃO PAULO,355030833A,SP,AC Central de SP,-46.635987,-23.543311,2019-02-07 11:10:00,0.2,11:10,2019-02-07
1774,SÃO PAULO,355030833A,SP,AC Central de SP,-46.635987,-23.543311,2019-02-07 11:30:00,0.2,11:30,2019-02-07
1775,SÃO PAULO,355030833A,SP,AC Central de SP,-46.635987,-23.543311,2019-02-07 11:50:00,0.2,11:50,2019-02-07
1776,SÃO PAULO,355030833A,SP,AC Central de SP,-46.635987,-23.543311,2019-02-07 12:00:00,0.2,12:00,2019-02-07
1777,SÃO PAULO,355030833A,SP,AC Central de SP,-46.635987,-23.543311,2019-02-07 12:30:00,0.2,12:30,2019-02-07
1778,SÃO PAULO,355030833A,SP,AC Central de SP,-46.635987,-23.543311,2019-02-07 12:50:00,0.2,12:50,2019-02-07
1779,SÃO PAULO,355030833A,SP,AC Central de SP,-46.635987,-23.543311,2019-02-07 13:10:00,0.2,13:10,2019-02-07
1780,SÃO PAULO,355030833A,SP,AC Central de SP,-46.635987,-23.543311,2019-02-07 13:30:00,0.2,13:30,2019-02-07
1781,SÃO PAULO,355030833A,SP,AC Central de SP,-46.635987,-23.543311,2019-02-07 13:50:00,0.2,13:50,2019-02-07
1782,SÃO PAULO,355030833A,SP,AC Central de SP,-46.635987,-23.543311,2019-02-07 14:10:00,0.2,14:10,2019-02-07
1783,SÃO PAULO,355030833A,SP,AC Central de SP,-46.635987,-23.543311,2019-02-07 14:30:00,0.2,14:30,2019-02-07
1784,SÃO PAULO,355030833A,SP,AC Central de SP,-46.635987,-23.543311,2019-02-07 14:50:00,0.2,14:50,2019-02-07
1785,SÃO PAULO,355030833A,SP,AC Central de SP,-46.635987,-23.543311,2019-02-07 15:00:00,0.2,15:00,2019-02-07
1786,SÃO PAULO,355030833A,SP,AC Central de SP,-46.635987,-23.543311,2019-02-07 15:40:00,0.2,15:40,2019-02-07
1787,SÃO PAULO,355030833A,SP,AC Central de SP,-46.635987,-23.543311,2019-02-07 15:50:00,0.0,15:50,2019-02-07
1788,SÃO PAULO,355030833A,SP,AC Central de SP,-46.635987,-23.543311,2019-02-07 16:00:00,0.2,16:00,2019-02-07
1789,SÃO PAULO,355030833A,SP,AC Central de SP,-46.635987,-23.543311,2019-02-07 16:10:00,0.2,16:10,2019-02-07
1790,SÃO PAULO,355030833A,SP,AC Central de SP,-46.635987,-23.543311,2019-02-07 16:30:00,0.2,16:30,2019-02-07
1791,SÃO PAULO,355030833A,SP,AC Central de SP,-46.635987,-23.543311,2019-02-07 16:50:00,0.2,16:50,2019-02-07
1792,SÃO PAULO,355030833A,SP,AC Central de SP,-46.635987,-23.543311,2019-02-07 17:00:00,0.2,17:00,2019-02-07
1793,SÃO PAULO,355030833A,SP,AC Central de SP,-46.635987,-23.543311,2019-02-07 17:20:00,0.2,17:20,2019-02-07
1794,SÃO PAULO,355030833A,SP,AC Central de SP,-46.635987,-23.543311,2019-02-07 17:40:00,0.2,17:40,2019-02-07
1795,SÃO PAULO,355030833A,SP,AC Central de SP,-46.635987,-23.543311,2019-02-07 17:50:00,0.0,17:50,2019-02-07
1796,SÃO PAULO,355030833A,SP,AC Central de SP,-46.635987,-23.543311,2019-02-07 18:00:00,0.2,18:00,2019-02-07
1797,SÃO PAULO,355030833A,SP,AC Central de SP,-46.635987,-23.543311,2019-02-07 18:20:00,0.2,18:20,2019-02-07
1798,SÃO PAULO,355030833A,SP,AC Central de SP,-46.635987,-23.543311,2019-02-07 18:40:00,0.2,18:40,2019-02-07
1799,SÃO PAULO,355030833A,SP,AC Central de SP,-46.635987,-23.543311,2019-02-07 18:50:00,0.0,18:50,2019-02-07
1800,SÃO PAULO,355030833A,SP,AC Central de SP,-46.635987,-23.543311,2019-02-07 19:00:00,0.2,19:00,2019-02-07
1801,SÃO PAULO,355030833A,SP,AC Central de SP,-46.635987,-23.543311,2019-02-07 19:30:00,0.2,19:30,2019-02-07
1802,SÃO PAULO,355030833A,SP,AC Central de SP,-46.635987,-23.543311,2019-02-07 19:50:00,0.2,19:50,2019-02-07
1803,SÃO PAULO,355030833A,SP,AC Central de SP,-46.635987,-23.543311,2019-02-07 20:20:00,0.2,20:20,2019-02-07
1804,SÃO PAULO,355030833A,SP,AC Central de SP,-46.635987,-23.543311,2019-02-07 20:40:00,0.2,20:40,2019-02-07
1805,SÃO PAULO,355030833A,SP,AC Central de SP,-46.635987,-23.543311,2019-02-07 20:50:00,0.0,20:50,2019-02-07
1806,SÃO PAULO,355030833A,SP,AC Central de SP,-46.635987,-23.543311,2019-02-07 21:00:00,0.2,21:00,2019-02-07
1807,SÃO PAULO,355030833A,SP,AC Central de SP,-46.635987,-23.543311,2019-02-07 21:30:00,0.2,21:30,2019-02-07
1808,SÃO PAULO,355030833A,SP,AC Central de SP,-46.635987,-23.543311,2019-02-07 21:50:00,0.2,21:50,2019-02-07
1809,SÃO PAULO,355030833A,SP,AC Central de SP,-46.635987,-23.543311,2019-02-07 22:20:00,0.2,22:20,2019-02-07
1810,SÃO PAULO,355030833A,SP,AC Central de SP,-46.635987,-23.543311,2019-02-07 22:40:00,0.2,22:40,2019-02-07
1811,SÃO PAULO,355030833A,SP,AC Central de SP,-46.635987,-23.543311,2019-02-07 23:00:00,0.2,23:00,2019-02-07
1812,SÃO PAULO,355030833A,SP,AC Central de SP,-46.635987,-23.543311,2019-02-07 23:20:00,0.2,23:20,2019-02-07
1813,SÃO PAULO,355030833A,SP,AC Central de SP,-46.635987,-23.543311,2019-02-07 23:40:00,0.2,23:40,2019-02-07
1814,SÃO PAULO,355030833A,SP,AC Central de SP,-46.635987,-23.543311,2019-02-08 00:10:00,0.2,00:10,2019-02-08
1815,SÃO PAULO,355030833A,SP,AC Central de SP,-46.635987,-23.543311,2019-02-08 00:30:00,0.2,00:30,2019-02-08
1816,SÃO PAULO,355030833A,SP,AC Central de SP,-46.635987,-23.543311,2019-02-08 00:50:00,0.2,00:50,2019-02-08
1817,SÃO PAULO,355030833A,SP,AC Central de SP,-46.635987,-23.543311,2019-02-08 01:10:00,0.2,01:10,2019-02-08
1818,SÃO PAULO,355030833A,SP,AC Central de SP,-46.635987,-23.543311,2019-02-08 01:30:00,0.2,01:30,2019-02-08
1819,SÃO PAULO,355030833A,SP,AC Central de SP,-46.635987,-23.543311,2019-02-08 02:00:00,0.2,02:00,2019-02-08
1820,SÃO PAULO,355030833A,SP,AC Central de SP,-46.635987,-23.543311,2019-02-08 02:20:00,0.2,02:20,2019-02-08
1821,SÃO PAULO,355030833A,SP,AC Central de SP,-46.635987,-23.543311,2019-02-08 02:40:00,0.2,02:40,2019-02-08
1822,SÃO PAULO,355030833A,SP,AC Central de SP,-46.635987,-23.543311,2019-02-08 03:00:00,0.2,03:00,2019-02-08
1823,SÃO PAULO,355030833A,SP,AC Central de SP,-46.635987,-23.543311,2019-02-08 03:30:00,0.2,03:30,2019-02-08
1824,SÃO PAULO,355030833A,SP,AC Central de SP,-46.635987,-23.543311,2019-02-08 03:50:00,0.2,03:50,2019-02-08
1825,SÃO PAULO,355030833A,SP,AC Central de SP,-46.635987,-23.543311,2019-02-08 04:10:00,0.2,04:10,2019-02-08
1826,SÃO PAULO,355030833A,SP,AC Central de SP,-46.635987,-23.543311,2019-02-08 04:40:00,0.2,04:40,2019-02-08
1827,SÃO PAULO,355030833A,SP,AC Central de SP,-46.635987,-23.543311,2019-02-08 05:00:00,0.2,05:00,2019-02-08
1828,SÃO PAULO,355030833A,SP,AC Central de SP,-46.635987,-23.543311,2019-02-08 05:30:00,0.2,05:30,2019-02-08
1829,SÃO PAULO,355030833A,SP,AC Central de SP,-46.635987,-23.543311,2019-02-08 06:00:00,0.2,06:00,2019-02-08
1830,SÃO PAULO,355030833A,SP,AC Central de SP,-46.635987,-23.543311,2019-02-08 06:20:00,0.2,06:20,2019-02-08
1831,SÃO PAULO,355030833A,SP,AC Central de SP,-46.635987,-23.543311,2019-02-08 06:50:00,0.2,06:50,2019-02-08
1832,SÃO PAULO,355030833A,SP,AC Central de SP,-46.635987,-23.543311,2019-02-08 07:10:00,0.2,07:10,2019-02-08
1833,SÃO PAULO,355030833A,SP,AC Central de SP,-46.635987,-23.543311,2019-02-08 07:40:00,0.2,07:40,2019-02-08
1834,SÃO PAULO,355030833A,SP,AC Central de SP,-46.635987,-23.543311,2019-02-08 08:10:00,0.2,08:10,2019-02-08
1835,SÃO PAULO,355030833A,SP,AC Central de SP,-46.635987,-23.543311,2019-02-08 08:40:00,0.2,08:40,2019-02-08
1836,SÃO PAULO,355030833A,SP,AC Central de SP,-46.635987,-23.543311,2019-02-08 09:10:00,0.2,09:10,2019-02-08
1837,SÃO PAULO,355030833A,SP,AC Central de SP,-46.635987,-23.543311,2019-02-08 09:40:00,0.2,09:40,2019-02-08
1838,SÃO PAULO,355030833A,SP,AC Central de SP,-46.635987,-23.543311,2019-02-08 10:10:00,0.2,10:10,2019-02-08
1839,SÃO PAULO,355030833A,SP,AC Central de SP,-46.635987,-23.543311,2019-02-08 10:30:00,0.2,10:30,2019-02-08
1840,SÃO PAULO,355030833A,SP,AC Central de SP,-46.635987,-23.543311,2019-02-08 11:00:00,0.2,11:00,2019-02-08
1841,SÃO PAULO,355030833A,SP,AC Central de SP,-46.635987,-23.543311,2019-02-08 11:30:00,0.2,11:30,2019-02-08
1842,SÃO PAULO,355030833A,SP,AC Central de SP,-46.635987,-23.543311,2019-02-08 11:50:00,0.2,11:50,2019-02-08
1843,SÃO PAULO,355030833A,SP,AC Central de SP,-46.635987,-23.543311,2019-02-08 12:20:00,0.2,12:20,2019-02-08
1844,SÃO PAULO,355030833A,SP,AC Central de SP,-46.635987,-23.543311,2019-02-08 12:50:00,0.2,12:50,2019-02-08
1845,SÃO PAULO,355030833A,SP,AC Central de SP,-46.635987,-23.543311,2019-02-08 13:30:00,0.2,13:30,2019-02-08
1846,SÃO PAULO,355030833A,SP,AC Central de SP,-46.635987,-23.543311,2019-02-08 14:20:00,0.2,14:20,2019-02-08
1847,SÃO PAULO,355030833A,SP,AC Central de SP,-46.635987,-23.543311,2019-02-08 15:20:00,0.2,15:20,2019-02-08
1848,SÃO PAULO,355030833A,SP,AC Central de SP,-46.635987,-23.543311,2019-02-08 16:20:00,0.2,16:20,2019-02-08
1849,SÃO PAULO,355030833A,SP,AC Central de SP,-46.635987,-23.543311,2019-02-08 17:40:00,0.2,17:40,2019-02-08
1850,SÃO PAULO,355030833A,SP,AC Central de SP,-46.635987,-23.543311,2019-02-08 18:40:00,0.2,18:40,2019-02-08
1851,SÃO PAULO,355030833A,SP,AC Central de SP,-46.635987,-23.543311,2019-02-08 19:40:00,0.2,19:40,2019-02-08
1852,SÃO PAULO,355030833A,SP,AC Central de SP,-46.635987,-23.543311,2019-02-08 20:40:00,0.2,20:40,2019-02-08
1853,SÃO PAULO,355030833A,SP,AC Central de SP,-46.635987,-23.543311,2019-02-08 20:50:00,0.0,20:50,2019-02-08
1854,SÃO PAULO,355030833A,SP,AC Central de SP,-46.635987,-23.543311,2019-02-08 21:50:00,0.0,21:50,2019-02-08
1855,SÃO PAULO,355030833A,SP,AC Central de SP,-46.635987,-23.543311,2019-02-08 22:50:00,0.0,22:50,2019-02-08
1856,SÃO PAULO,355030833A,SP,AC Central de SP,-46.635987,-23.543311,2019-02-08 23:50:00,0.0,23:50,2019-02-08
1857,SÃO PAULO,355030833A,SP,AC Central de SP,-46.635987,-23.543311,2019-02-09 00:50:00,0.0,00:50,2019-02-09
1858,SÃO PAULO,355030833A,SP,AC Central de SP,-46.635987,-23.543311,2019-02-09 01:50:00,0.0,01:50,2019-02-09
1859,SÃO PAULO,355030833A,SP,AC Central de SP,-46.635987,-23.543311,2019-02-09 02:50:00,0.0,02:50,2019-02-09
1860,SÃO PAULO,355030833A,SP,AC Central de SP,-46.635987,-23.543311,2019-02-09 03:50:00,0.0,03:50,2019-02-09
1861,SÃO PAULO,355030833A,SP,AC Central de SP,-46.635987,-23.543311,2019-02-09 04:50:00,0.0,04:50,2019-02-09
1862,SÃO PAULO,355030833A,SP,AC Central de SP,-46.635987,-23.543311,2019-02-09 05:50:00,0.0,05:50,2019-02-09
1863,SÃO PAULO,355030833A,SP,AC Central de SP,-46.635987,-23.543311,2019-02-09 06:50:00,0.0,06:50,2019-02-09
1864,SÃO PAULO,355030833A,SP,AC Central de SP,-46.635987,-23.543311,2019-02-09 07:50:00,0.0,07:50,2019-02-09
1865,SÃO PAULO,355030833A,SP,AC Central de SP,-46.635987,-23.543311,2019-02-09 08:50:00,0.0,08:50,2019-02-09
1866,SÃO PAULO,355030833A,SP,AC Central de SP,-46.635987,-23.543311,2019-02-09 09:50:00,0.0,09:50,2019-02-09
1867,SÃO PAULO,355030833A,SP,AC Central de SP,-46.635987,-23.543311,2019-02-09 10:50:00,0.0,10:50,2019-02-09
1868,SÃO PAULO,355030833A,SP,AC Central de SP,-46.635987,-23.543311,2019-02-09 11:50:00,0.0,11:50,2019-02-09
1869,SÃO PAULO,355030833A,SP,AC Central de SP,-46.635987,-23.543311,2019-02-09 12:50:00,0.0,12:50,2019-02-09
1870,SÃO PAULO,355030833A,SP,AC Central de SP,-46.635987,-23.543311,2019-02-09 13:50:00,0.0,13:50,2019-02-09
1871,SÃO PAULO,355030833A,SP,AC Central de SP,-46.635987,-23.543311,2019-02-09 14:50:00,0.0,14:50,2019-02-09
1872,SÃO PAULO,355030833A,SP,AC Central de SP,-46.635987,-23.543311,2019-02-09 15:50:00,0.0,15:50,2019-02-09
1873,SÃO PAULO,355030833A,SP,AC Central de SP,-46.635987,-23.543311,2019-02-09 16:50:00,0.0,16:50,2019-02-09
1874,SÃO PAULO,355030833A,SP,AC Central de SP,-46.635987,-23.543311,2019-02-09 17:50:00,0.0,17:50,2019-02-09
1875,SÃO PAULO,355030833A,SP,AC Central de SP,-46.635987,-23.543311,2019-02-09 18:50:00,0.0,18:50,2019-02-09
1876,SÃO PAULO,355030833A,SP,AC Central de SP,-46.635987,-23.543311,2019-02-09 19:50:00,0.0,19:50,2019-02-09
1877,SÃO PAULO,355030833A,SP,AC Central de SP,-46.635987,-23.543311,2019-02-09 20:50:00,0.0,20:50,2019-02-09
1878,SÃO PAULO,355030833A,SP,AC Central de SP,-46.635987,-23.543311,2019-02-09 21:50:00,0.0,21:50,2019-02-09
1879,SÃO PAULO,355030833A,SP,AC Central de SP,-46.635987,-23.543311,2019-02-09 22:50:00,0.0,22:50,2019-02-09
1880,SÃO PAULO,355030833A,SP,AC Central de SP,-46.635987,-23.543311,2019-02-09 23:50:00,0.0,23:50,2019-02-09
1881,SÃO PAULO,355030833A,SP,AC Central de SP,-46.635987,-23.543311,2019-02-10 00:50:00,0.0,00:50,2019-02-10
1882,SÃO PAULO,355030833A,SP,AC Central de SP,-46.635987,-23.543311,2019-02-10 01:50:00,0.0,01:50,2019-02-10
1883,SÃO PAULO,355030833A,SP,AC Central de SP,-46.635987,-23.543311,2019-02-10 02:50:00,0.0,02:50,2019-02-10
1884,SÃO PAULO,355030833A,SP,AC Central de SP,-46.635987,-23.543311,2019-02-10 03:50:00,0.0,03:50,2019-02-10
1885,SÃO PAULO,355030833A,SP,AC Central de SP,-46.635987,-23.543311,2019-02-10 04:50:00,0.0,04:50,2019-02-10
1886,SÃO PAULO,355030833A,SP,AC Central de SP,-46.635987,-23.543311,2019-02-10 05:50:00,0.0,05:50,2019-02-10
1887,SÃO PAULO,355030833A,SP,AC Central de SP,-46.635987,-23.543311,2019-02-10 06:50:00,0.0,06:50,2019-02-10
1888,SÃO PAULO,355030833A,SP,AC Central de SP,-46.635987,-23.543311,2019-02-10 07:50:00,0.0,07:50,2019-02-10
1889,SÃO PAULO,355030833A,SP,AC Central de SP,-46.635987,-23.543311,2019-02-10 08:50:00,0.0,08:50,2019-02-10
1890,SÃO PAULO,355030833A,SP,AC Central de SP,-46.635987,-23.543311,2019-02-10 09:50:00,0.0,09:50,2019-02-10
1891,SÃO PAULO,355030833A,SP,AC Central de SP,-46.635987,-23.543311,2019-02-10 10:50:00,0.0,10:50,2019-02-10
1892,SÃO PAULO,355030833A,SP,AC Central de SP,-46.635987,-23.543311,2019-02-10 11:50:00,0.0,11:50,2019-02-10
1893,SÃO PAULO,355030833A,SP,AC Central de SP,-46.635987,-23.543311,2019-02-10 12:50:00,0.0,12:50,2019-02-10
1894,SÃO PAULO,355030833A,SP,AC Central de SP,-46.635987,-23.543311,2019-02-10 13:50:00,0.0,13:50,2019-02-10
1895,SÃO PAULO,355030833A,SP,AC Central de SP,-46.635987,-23.543311,2019-02-10 14:50:00,0.0,14:50,2019-02-10
1896,SÃO PAULO,355030833A,SP,AC Central de SP,-46.635987,-23.543311,2019-02-10 15:50:00,0.0,15:50,2019-02-10
1897,SÃO PAULO,355030833A,SP,AC Central de SP,-46.635987,-23.543311,2019-02-10 16:50:00,0.0,16:50,2019-02-10
1898,SÃO PAULO,355030833A,SP,AC Central de SP,-46.635987,-23.543311,2019-02-10 17:50:00,0.0,17:50,2019-02-10
1899,SÃO PAULO,355030833A,SP,AC Central de SP,-46.635987,-23.543311,2019-02-10 18:50:00,0.0,18:50,2019-02-10
1900,SÃO PAULO,355030833A,SP,AC Central de SP,-46.635987,-23.543311,2019-02-10 19:50:00,0.0,19:50,2019-02-10
1901,SÃO PAULO,355030833A,SP,AC Central de SP,-46.635987,-23.543311,2019-02-10 20:50:00,0.0,20:50,2019-02-10
1902,SÃO PAULO,355030833A,SP,AC Central de SP,-46.635987,-23.543311,2019-02-10 21:50:00,0.0,21:50,2019-02-10
1903,SÃO PAULO,355030833A,SP,AC Central de SP,-46.635987,-23.543311,2019-02-10 22:50:00,0.0,22:50,2019-02-10
1904,SÃO PAULO,355030833A,SP,AC Central de SP,-46.635987,-23.543311,2019-02-10 23:50:00,0.0,23:50,2019-02-10
1905,SÃO PAULO,355030833A,SP,AC Central de SP,-46.635987,-23.543311,2019-02-11 00:50:00,0.0,00:50,2019-02-11
1906,SÃO PAULO,355030833A,SP,AC Central de SP,-46.635987,-23.543311,2019-02-11 01:50:00,0.0,01:50,2019-02-11
1907,SÃO PAULO,355030833A,SP,AC Central de SP,-46.635987,-23.543311,2019-02-11 02:50:00,0.0,02:50,2019-02-11
1908,SÃO PAULO,355030833A,SP,AC Central de SP,-46.635987,-23.543311,2019-02-11 03:50:00,0.0,03:50,2019-02-11
1909,SÃO PAULO,355030833A,SP,AC Central de SP,-46.635987,-23.543311,2019-02-11 04:50:00,0.0,04:50,2019-02-11
1910,SÃO PAULO,355030833A,SP,AC Central de SP,-46.635987,-23.543311,2019-02-11 05:50:00,0.0,05:50,2019-02-11
1911,SÃO PAULO,355030833A,SP,AC Central de SP,-46.635987,-23.543311,2019-02-11 06:50:00,0.0,06:50,2019-02-11
1912,SÃO PAULO,355030833A,SP,AC Central de SP,-46.635987,-23.543311,2019-02-11 07:50:00,0.0,07:50,2019-02-11
1913,SÃO PAULO,355030833A,SP,AC Central de SP,-46.635987,-23.543311,2019-02-11 08:50:00,0.0,08:50,2019-02-11
1914,SÃO PAULO,355030833A,SP,AC Central de SP,-46.635987,-23.543311,2019-02-11 09:50:00,0.0,09:50,2019-02-11
1915,SÃO PAULO,355030833A,SP,AC Central de SP,-46.635987,-23.543311,2019-02-11 10:50:00,0.0,10:50,2019-02-11
1916,SÃO PAULO,355030833A,SP,AC Central de SP,-46.635987,-23.543311,2019-02-11 11:50:00,0.0,11:50,2019-02-11
1917,SÃO PAULO,355030833A,SP,AC Central de SP,-46.635987,-23.543311,2019-02-11 12:50:00,0.0,12:50,2019-02-11
1918,SÃO PAULO,355030833A,SP,AC Central de SP,-46.635987,-23.543311,2019-02-11 13:50:00,0.0,13:50,2019-02-11
1919,SÃO PAULO,355030833A,SP,AC Central de SP,-46.635987,-23.543311,2019-02-11 14:50:00,0.0,14:50,2019-02-11
1920,SÃO PAULO,355030833A,SP,AC Central de SP,-46.635987,-23.543311,2019-02-11 15:50:00,0.0,15:50,2019-02-11
1921,SÃO PAULO,355030833A,SP,AC Central de SP,-46.635987,-23.543311,2019-02-11 16:50:00,0.0,16:50,2019-02-11
1922,SÃO PAULO,355030833A,SP,AC Central de SP,-46.635987,-23.543311,2019-02-11 17:50:00,0.0,17:50,2019-02-11
1923,SÃO PAULO,355030833A,SP,AC Central de SP,-46.635987,-23.543311,2019-02-11 18:50:00,0.0,18:50,2019-02-11
1924,SÃO PAULO,355030833A,SP,AC Central de SP,-46.635987,-23.543311,2019-02-11 19:50:00,0.0,19:50,2019-02-11
1925,SÃO PAULO,355030833A,SP,AC Central de SP,-46.635987,-23.543311,2019-02-11 20:50:00,0.0,20:50,2019-02-11
1926,SÃO PAULO,355030833A,SP,AC Central de SP,-46.635987,-23.543311,2019-02-11 21:50:00,0.0,21:50,2019-02-11
1927,SÃO PAULO,355030833A,SP,AC Central de SP,-46.635987,-23.543311,2019-02-11 22:50:00,0.0,22:50,2019-02-11
1928,SÃO PAULO,355030833A,SP,AC Central de SP,-46.635987,-23.543311,2019-02-11 23:50:00,0.0,23:50,2019-02-11
1929,SÃO PAULO,355030833A,SP,AC Central de SP,-46.635987,-23.543311,2019-02-12 00:50:00,0.0,00:50,2019-02-12
1930,SÃO PAULO,355030833A,SP,AC Central de SP,-46.635987,-23.543311,2019-02-12 01:50:00,0.0,01:50,2019-02-12
1931,SÃO PAULO,355030833A,SP,AC Central de SP,-46.635987,-23.543311,2019-02-12 02:50:00,0.0,02:50,2019-02-12
1932,SÃO PAULO,355030833A,SP,AC Central de SP,-46.635987,-23.543311,2019-02-12 03:50:00,0.0,03:50,2019-02-12
1933,SÃO PAULO,355030833A,SP,AC Central de SP,-46.635987,-23.543311,2019-02-12 04:50:00,0.0,04:50,2019-02-12
1934,SÃO PAULO,355030833A,SP,AC Central de SP,-46.635987,-23.543311,2019-02-12 05:50:00,0.0,05:50,2019-02-12
1935,SÃO PAULO,355030833A,SP,AC Central de SP,-46.635987,-23.543311,2019-02-12 06:50:00,0.0,06:50,2019-02-12
1936,SÃO PAULO,355030833A,SP,AC Central de SP,-46.635987,-23.543311,2019-02-12 07:50:00,0.0,07:50,2019-02-12
1937,SÃO PAULO,355030833A,SP,AC Central de SP,-46.635987,-23.543311,2019-02-12 08:50:00,0.0,08:50,2019-02-12
1938,SÃO PAULO,355030833A,SP,AC Central de SP,-46.635987,-23.543311,2019-02-12 09:50:00,0.0,09:50,2019-02-12
1939,SÃO PAULO,355030833A,SP,AC Central de SP,-46.635987,-23.543311,2019-02-12 10:50:00,0.0,10:50,2019-02-12
1940,SÃO PAULO,355030833A,SP,AC Central de SP,-46.635987,-23.543311,2019-02-12 11:50:00,0.0,11:50,2019-02-12
1941,SÃO PAULO,355030833A,SP,AC Central de SP,-46.635987,-23.543311,2019-02-12 12:50:00,0.0,12:50,2019-02-12
1942,SÃO PAULO,355030833A,SP,AC Central de SP,-46.635987,-23.543311,2019-02-12 13:50:00,0.0,13:50,2019-02-12
1943,SÃO PAULO,355030833A,SP,AC Central de SP,-46.635987,-23.543311,2019-02-12 14:50:00,0.0,14:50,2019-02-12
1944,SÃO PAULO,355030833A,SP,AC Central de SP,-46.635987,-23.543311,2019-02-12 15:50:00,0.0,15:50,2019-02-12
1945,SÃO PAULO,355030833A,SP,AC Central de SP,-46.635987,-23.543311,2019-02-12 16:50:00,0.0,16:50,2019-02-12
1946,SÃO PAULO,355030833A,SP,AC Central de SP,-46.635987,-23.543311,2019-02-12 17:50:00,0.0,17:50,2019-02-12
1947,SÃO PAULO,355030833A,SP,AC Central de SP,-46.635987,-23.543311,2019-02-12 18:50:00,0.0,18:50,2019-02-12
1948,SÃO PAULO,355030833A,SP,AC Central de SP,-46.635987,-23.543311,2019-02-12 19:50:00,0.0,19:50,2019-02-12
1949,SÃO PAULO,355030833A,SP,AC Central de SP,-46.635987,-23.543311,2019-02-12 20:50:00,0.0,20:50,2019-02-12
1950,SÃO PAULO,355030833A,SP,AC Central de SP,-46.635987,-23.543311,2019-02-12 21:40:00,0.2,21:40,2019-02-12
1951,SÃO PAULO,355030833A,SP,AC Central de SP,-46.635987,-23.543311,2019-02-12 21:50:00,0.2,21:50,2019-02-12
1952,SÃO PAULO,355030833A,SP,AC Central de SP,-46.635987,-23.543311,2019-02-12 22:10:00,0.2,22:10,2019-02-12
1953,SÃO PAULO,355030833A,SP,AC Central de SP,-46.635987,-23.543311,2019-02-12 22:20:00,0.2,22:20,2019-02-12
1954,SÃO PAULO,355030833A,SP,AC Central de SP,-46.635987,-23.543311,2019-02-12 22:30:00,0.2,22:30,2019-02-12
1955,SÃO PAULO,355030833A,SP,AC Central de SP,-46.635987,-23.543311,2019-02-12 22:40:00,0.2,22:40,2019-02-12
1956,SÃO PAULO,355030833A,SP,AC Central de SP,-46.635987,-23.543311,2019-02-12 22:50:00,0.2,22:50,2019-02-12
1957,SÃO PAULO,355030833A,SP,AC Central de SP,-46.635987,-23.543311,2019-02-12 23:00:00,0.2,23:00,2019-02-12
1958,SÃO PAULO,355030833A,SP,AC Central de SP,-46.635987,-23.543311,2019-02-12 23:10:00,0.2,23:10,2019-02-12
1959,SÃO PAULO,355030833A,SP,AC Central de SP,-46.635987,-23.543311,2019-02-12 23:20:00,0.39,23:20,2019-02-12
1960,SÃO PAULO,355030833A,SP,AC Central de SP,-46.635987,-23.543311,2019-02-12 23:30:00,0.2,23:30,2019-02-12
1961,SÃO PAULO,355030833A,SP,AC Central de SP,-46.635987,-23.543311,2019-02-12 23:40:00,0.2,23:40,2019-02-12
1962,SÃO PAULO,355030833A,SP,AC Central de SP,-46.635987,-23.543311,2019-02-12 23:50:00,0.2,23:50,2019-02-12
1963,SÃO PAULO,355030833A,SP,AC Central de SP,-46.635987,-23.543311,2019-02-13 00:10:00,0.2,00:10,2019-02-13
1964,SÃO PAULO,355030833A,SP,AC Central de SP,-46.635987,-23.543311,2019-02-13 00:20:00,0.2,00:20,2019-02-13
1965,SÃO PAULO,355030833A,SP,AC Central de SP,-46.635987,-23.543311,2019-02-13 00:30:00,0.2,00:30,2019-02-13
1966,SÃO PAULO,355030833A,SP,AC Central de SP,-46.635987,-23.543311,2019-02-13 00:50:00,0.2,00:50,2019-02-13
1967,SÃO PAULO,355030833A,SP,AC Central de SP,-46.635987,-23.543311,2019-02-13 01:00:00,0.2,01:00,2019-02-13
1968,SÃO PAULO,355030833A,SP,AC Central de SP,-46.635987,-23.543311,2019-02-13 01:20:00,0.2,01:20,2019-02-13
1969,SÃO PAULO,355030833A,SP,AC Central de SP,-46.635987,-23.543311,2019-02-13 01:40:00,0.2,01:40,2019-02-13
1970,SÃO PAULO,355030833A,SP,AC Central de SP,-46.635987,-23.543311,2019-02-13 01:50:00,0.0,01:50,2019-02-13
1971,SÃO PAULO,355030833A,SP,AC Central de SP,-46.635987,-23.543311,2019-02-13 02:10:00,0.2,02:10,2019-02-13
1972,SÃO PAULO,355030833A,SP,AC Central de SP,-46.635987,-23.543311,2019-02-13 02:50:00,0.0,02:50,2019-02-13
1973,SÃO PAULO,355030833A,SP,AC Central de SP,-46.635987,-23.543311,2019-02-13 03:50:00,0.0,03:50,2019-02-13
1974,SÃO PAULO,355030833A,SP,AC Central de SP,-46.635987,-23.543311,2019-02-13 04:50:00,0.0,04:50,2019-02-13
1975,SÃO PAULO,355030833A,SP,AC Central de SP,-46.635987,-23.543311,2019-02-13 05:50:00,0.0,05:50,2019-02-13
1976,SÃO PAULO,355030833A,SP,AC Central de SP,-46.635987,-23.543311,2019-02-13 06:40:00,0.2,06:40,2019-02-13
1977,SÃO PAULO,355030833A,SP,AC Central de SP,-46.635987,-23.543311,2019-02-13 06:50:00,0.0,06:50,2019-02-13
1978,SÃO PAULO,355030833A,SP,AC Central de SP,-46.635987,-23.543311,2019-02-13 07:20:00,0.2,07:20,2019-02-13
1979,SÃO PAULO,355030833A,SP,AC Central de SP,-46.635987,-23.543311,2019-02-13 07:50:00,0.2,07:50,2019-02-13
1980,SÃO PAULO,355030833A,SP,AC Central de SP,-46.635987,-23.543311,2019-02-13 08:20:00,0.2,08:20,2019-02-13
1981,SÃO PAULO,355030833A,SP,AC Central de SP,-46.635987,-23.543311,2019-02-13 08:50:00,0.2,08:50,2019-02-13
1982,SÃO PAULO,355030833A,SP,AC Central de SP,-46.635987,-23.543311,2019-02-13 09:20:00,0.2,09:20,2019-02-13
1983,SÃO PAULO,355030833A,SP,AC Central de SP,-46.635987,-23.543311,2019-02-13 09:40:00,0.2,09:40,2019-02-13
1984,SÃO PAULO,355030833A,SP,AC Central de SP,-46.635987,-23.543311,2019-02-13 09:50:00,0.0,09:50,2019-02-13
1985,SÃO PAULO,355030833A,SP,AC Central de SP,-46.635987,-23.543311,2019-02-13 10:10:00,0.2,10:10,2019-02-13
1986,SÃO PAULO,355030833A,SP,AC Central de SP,-46.635987,-23.543311,2019-02-13 10:30:00,0.2,10:30,2019-02-13
1987,SÃO PAULO,355030833A,SP,AC Central de SP,-46.635987,-23.543311,2019-02-13 10:50:00,0.0,10:50,2019-02-13
1988,SÃO PAULO,355030833A,SP,AC Central de SP,-46.635987,-23.543311,2019-02-13 11:00:00,0.2,11:00,2019-02-13
1989,SÃO PAULO,355030833A,SP,AC Central de SP,-46.635987,-23.543311,2019-02-13 11:30:00,0.2,11:30,2019-02-13
1990,SÃO PAULO,355030833A,SP,AC Central de SP,-46.635987,-23.543311,2019-02-13 11:50:00,0.0,11:50,2019-02-13
1991,SÃO PAULO,355030833A,SP,AC Central de SP,-46.635987,-23.543311,2019-02-13 12:10:00,0.2,12:10,2019-02-13
1992,SÃO PAULO,355030833A,SP,AC Central de SP,-46.635987,-23.543311,2019-02-13 12:40:00,0.2,12:40,2019-02-13
1993,SÃO PAULO,355030833A,SP,AC Central de SP,-46.635987,-23.543311,2019-02-13 12:50:00,0.0,12:50,2019-02-13
1994,SÃO PAULO,355030833A,SP,AC Central de SP,-46.635987,-23.543311,2019-02-13 13:20:00,0.2,13:20,2019-02-13
1995,SÃO PAULO,355030833A,SP,AC Central de SP,-46.635987,-23.543311,2019-02-13 13:50:00,0.0,13:50,2019-02-13
1996,SÃO PAULO,355030833A,SP,AC Central de SP,-46.635987,-23.543311,2019-02-13 14:10:00,0.2,14:10,2019-02-13
1997,SÃO PAULO,355030833A,SP,AC Central de SP,-46.635987,-23.543311,2019-02-13 14:50:00,0.0,14:50,2019-02-13
1998,SÃO PAULO,355030833A,SP,AC Central de SP,-46.635987,-23.543311,2019-02-13 15:00:00,0.2,15:00,2019-02-13
1999,SÃO PAULO,355030833A,SP,AC Central de SP,-46.635987,-23.543311,2019-02-13 15:50:00,0.2,15:50,2019-02-13
2000,SÃO PAULO,355030833A,SP,AC Central de SP,-46.635987,-23.543311,2019-02-13 16:50:00,0.2,16:50,2019-02-13
2001,SÃO PAULO,355030833A,SP,AC Central de SP,-46.635987,-23.543311,2019-02-13 17:40:00,0.2,17:40,2019-02-13
2002,SÃO PAULO,355030833A,SP,AC Central de SP,-46.635987,-23.543311,2019-02-13 17:50:00,0.0,17:50,2019-02-13
2003,SÃO PAULO,355030833A,SP,AC Central de SP,-46.635987,-23.543311,2019-02-13 18:40:00,0.2,18:40,2019-02-13
2004,SÃO PAULO,355030833A,SP,AC Central de SP,-46.635987,-23.543311,2019-02-13 18:50:00,0.0,18:50,2019-02-13
2005,SÃO PAULO,355030833A,SP,AC Central de SP,-46.635987,-23.543311,2019-02-13 19:30:00,0.2,19:30,2019-02-13
2006,SÃO PAULO,355030833A,SP,AC Central de SP,-46.635987,-23.543311,2019-02-13 19:50:00,0.0,19:50,2019-02-13
2007,SÃO PAULO,355030833A,SP,AC Central de SP,-46.635987,-23.543311,2019-02-13 20:30:00,0.2,20:30,2019-02-13
2008,SÃO PAULO,355030833A,SP,AC Central de SP,-46.635987,-23.543311,2019-02-13 20:50:00,0.0,20:50,2019-02-13
2009,SÃO PAULO,355030833A,SP,AC Central de SP,-46.635987,-23.543311,2019-02-13 21:20:00,0.2,21:20,2019-02-13
2010,SÃO PAULO,355030833A,SP,AC Central de SP,-46.635987,-23.543311,2019-02-13 21:50:00,0.0,21:50,2019-02-13
2011,SÃO PAULO,355030833A,SP,AC Central de SP,-46.635987,-23.543311,2019-02-13 22:50:00,0.0,22:50,2019-02-13
2012,SÃO PAULO,355030833A,SP,AC Central de SP,-46.635987,-23.543311,2019-02-13 23:50:00,0.0,23:50,2019-02-13
2013,SÃO PAULO,355030833A,SP,AC Central de SP,-46.635987,-23.543311,2019-02-14 00:50:00,0.0,00:50,2019-02-14
2014,SÃO PAULO,355030833A,SP,AC Central de SP,-46.635987,-23.543311,2019-02-14 01:50:00,0.0,01:50,2019-02-14
2015,SÃO PAULO,355030833A,SP,AC Central de SP,-46.635987,-23.543311,2019-02-14 02:50:00,0.0,02:50,2019-02-14
2016,SÃO PAULO,355030833A,SP,AC Central de SP,-46.635987,-23.543311,2019-02-14 03:50:00,0.0,03:50,2019-02-14
2017,SÃO PAULO,355030833A,SP,AC Central de SP,-46.635987,-23.543311,2019-02-14 04:50:00,0.0,04:50,2019-02-14
2018,SÃO PAULO,355030833A,SP,AC Central de SP,-46.635987,-23.543311,2019-02-14 05:50:00,0.0,05:50,2019-02-14
2019,SÃO PAULO,355030833A,SP,AC Central de SP,-46.635987,-23.543311,2019-02-14 06:50:00,0.0,06:50,2019-02-14
2020,SÃO PAULO,355030833A,SP,AC Central de SP,-46.635987,-23.543311,2019-02-14 07:50:00,0.0,07:50,2019-02-14
2021,SÃO PAULO,355030833A,SP,AC Central de SP,-46.635987,-23.543311,2019-02-14 08:50:00,0.0,08:50,2019-02-14
2022,SÃO PAULO,355030833A,SP,AC Central de SP,-46.635987,-23.543311,2019-02-14 09:50:00,0.0,09:50,2019-02-14
2023,SÃO PAULO,355030833A,SP,AC Central de SP,-46.635987,-23.543311,2019-02-14 10:50:00,0.0,10:50,2019-02-14
2024,SÃO PAULO,355030833A,SP,AC Central de SP,-46.635987,-23.543311,2019-02-14 11:50:00,0.0,11:50,2019-02-14
2025,SÃO PAULO,355030833A,SP,AC Central de SP,-46.635987,-23.543311,2019-02-14 12:50:00,0.0,12:50,2019-02-14
2026,SÃO PAULO,355030833A,SP,AC Central de SP,-46.635987,-23.543311,2019-02-14 13:50:00,0.0,13:50,2019-02-14
2027,SÃO PAULO,355030833A,SP,AC Central de SP,-46.635987,-23.543311,2019-02-14 14:50:00,0.0,14:50,2019-02-14
2028,SÃO PAULO,355030833A,SP,AC Central de SP,-46.635987,-23.543311,2019-02-14 15:50:00,0.0,15:50,2019-02-14
2029,SÃO PAULO,355030833A,SP,AC Central de SP,-46.635987,-23.543311,2019-02-14 16:50:00,0.0,16:50,2019-02-14
2030,SÃO PAULO,355030833A,SP,AC Central de SP,-46.635987,-23.543311,2019-02-14 17:50:00,0.0,17:50,2019-02-14
2031,SÃO PAULO,355030833A,SP,AC Central de SP,-46.635987,-23.543311,2019-02-14 18:50:00,0.0,18:50,2019-02-14
2032,SÃO PAULO,355030833A,SP,AC Central de SP,-46.635987,-23.543311,2019-02-14 19:50:00,0.0,19:50,2019-02-14
2033,SÃO PAULO,355030833A,SP,AC Central de SP,-46.635987,-23.543311,2019-02-14 20:50:00,0.0,20:50,2019-02-14
2034,SÃO PAULO,355030833A,SP,AC Central de SP,-46.635987,-23.543311,2019-02-14 21:50:00,0.0,21:50,2019-02-14
2035,SÃO PAULO,355030833A,SP,AC Central de SP,-46.635987,-23.543311,2019-02-14 22:50:00,0.0,22:50,2019-02-14
2036,SÃO PAULO,355030833A,SP,AC Central de SP,-46.635987,-23.543311,2019-02-14 23:50:00,0.0,23:50,2019-02-14
2037,SÃO PAULO,355030833A,SP,AC Central de SP,-46.635987,-23.543311,2019-02-15 00:50:00,0.0,00:50,2019-02-15
2038,SÃO PAULO,355030833A,SP,AC Central de SP,-46.635987,-23.543311,2019-02-15 01:50:00,0.0,01:50,2019-02-15
2039,SÃO PAULO,355030833A,SP,AC Central de SP,-46.635987,-23.543311,2019-02-15 02:50:00,0.0,02:50,2019-02-15
2040,SÃO PAULO,355030833A,SP,AC Central de SP,-46.635987,-23.543311,2019-02-15 03:50:00,0.0,03:50,2019-02-15
2041,SÃO PAULO,355030833A,SP,AC Central de SP,-46.635987,-23.543311,2019-02-15 04:50:00,0.0,04:50,2019-02-15
2042,SÃO PAULO,355030833A,SP,AC Central de SP,-46.635987,-23.543311,2019-02-15 05:50:00,0.0,05:50,2019-02-15
2043,SÃO PAULO,355030833A,SP,AC Central de SP,-46.635987,-23.543311,2019-02-15 06:50:00,0.0,06:50,2019-02-15
2044,SÃO PAULO,355030833A,SP,AC Central de SP,-46.635987,-23.543311,2019-02-15 07:50:00,0.0,07:50,2019-02-15
2045,SÃO PAULO,355030833A,SP,AC Central de SP,-46.635987,-23.543311,2019-02-15 08:50:00,0.0,08:50,2019-02-15
2046,SÃO PAULO,355030833A,SP,AC Central de SP,-46.635987,-23.543311,2019-02-15 09:50:00,0.0,09:50,2019-02-15
2047,SÃO PAULO,355030833A,SP,AC Central de SP,-46.635987,-23.543311,2019-02-15 10:50:00,0.0,10:50,2019-02-15
2048,SÃO PAULO,355030833A,SP,AC Central de SP,-46.635987,-23.543311,2019-02-15 11:50:00,0.0,11:50,2019-02-15
2049,SÃO PAULO,355030833A,SP,AC Central de SP,-46.635987,-23.543311,2019-02-15 12:50:00,0.0,12:50,2019-02-15
2050,SÃO PAULO,355030833A,SP,AC Central de SP,-46.635987,-23.543311,2019-02-15 13:50:00,0.0,13:50,2019-02-15
2051,SÃO PAULO,355030833A,SP,AC Central de SP,-46.635987,-23.543311,2019-02-15 14:50:00,0.0,14:50,2019-02-15
2052,SÃO PAULO,355030833A,SP,AC Central de SP,-46.635987,-23.543311,2019-02-15 15:50:00,0.0,15:50,2019-02-15
2053,SÃO PAULO,355030833A,SP,AC Central de SP,-46.635987,-23.543311,2019-02-15 16:40:00,0.2,16:40,2019-02-15
2054,SÃO PAULO,355030833A,SP,AC Central de SP,-46.635987,-23.543311,2019-02-15 16:50:00,0.2,16:50,2019-02-15
2055,SÃO PAULO,355030833A,SP,AC Central de SP,-46.635987,-23.543311,2019-02-15 17:00:00,0.39,17:00,2019-02-15
2056,SÃO PAULO,355030833A,SP,AC Central de SP,-46.635987,-23.543311,2019-02-15 17:10:00,0.2,17:10,2019-02-15
2057,SÃO PAULO,355030833A,SP,AC Central de SP,-46.635987,-23.543311,2019-02-15 17:20:00,0.2,17:20,2019-02-15
2058,SÃO PAULO,355030833A,SP,AC Central de SP,-46.635987,-23.543311,2019-02-15 17:40:00,0.2,17:40,2019-02-15
2059,SÃO PAULO,355030833A,SP,AC Central de SP,-46.635987,-23.543311,2019-02-15 17:50:00,0.2,17:50,2019-02-15
2060,SÃO PAULO,355030833A,SP,AC Central de SP,-46.635987,-23.543311,2019-02-15 18:00:00,0.2,18:00,2019-02-15
2061,SÃO PAULO,355030833A,SP,AC Central de SP,-46.635987,-23.543311,2019-02-15 18:20:00,0.2,18:20,2019-02-15
2062,SÃO PAULO,355030833A,SP,AC Central de SP,-46.635987,-23.543311,2019-02-15 18:30:00,0.2,18:30,2019-02-15
2063,SÃO PAULO,355030833A,SP,AC Central de SP,-46.635987,-23.543311,2019-02-15 18:50:00,0.2,18:50,2019-02-15
2064,SÃO PAULO,355030833A,SP,AC Central de SP,-46.635987,-23.543311,2019-02-15 19:10:00,0.2,19:10,2019-02-15
2065,SÃO PAULO,355030833A,SP,AC Central de SP,-46.635987,-23.543311,2019-02-15 19:30:00,0.2,19:30,2019-02-15
2066,SÃO PAULO,355030833A,SP,AC Central de SP,-46.635987,-23.543311,2019-02-15 19:50:00,0.2,19:50,2019-02-15
2067,SÃO PAULO,355030833A,SP,AC Central de SP,-46.635987,-23.543311,2019-02-15 20:10:00,0.2,20:10,2019-02-15
2068,SÃO PAULO,355030833A,SP,AC Central de SP,-46.635987,-23.543311,2019-02-15 20:30:00,0.2,20:30,2019-02-15
2069,SÃO PAULO,355030833A,SP,AC Central de SP,-46.635987,-23.543311,2019-02-15 20:50:00,0.0,20:50,2019-02-15
2070,SÃO PAULO,355030833A,SP,AC Central de SP,-46.635987,-23.543311,2019-02-15 21:00:00,0.2,21:00,2019-02-15
2071,SÃO PAULO,355030833A,SP,AC Central de SP,-46.635987,-23.543311,2019-02-15 21:20:00,0.2,21:20,2019-02-15
2072,SÃO PAULO,355030833A,SP,AC Central de SP,-46.635987,-23.543311,2019-02-15 21:40:00,0.2,21:40,2019-02-15
2073,SÃO PAULO,355030833A,SP,AC Central de SP,-46.635987,-23.543311,2019-02-15 21:50:00,0.0,21:50,2019-02-15
2074,SÃO PAULO,355030833A,SP,AC Central de SP,-46.635987,-23.543311,2019-02-15 22:10:00,0.2,22:10,2019-02-15
2075,SÃO PAULO,355030833A,SP,AC Central de SP,-46.635987,-23.543311,2019-02-15 22:40:00,0.2,22:40,2019-02-15
2076,SÃO PAULO,355030833A,SP,AC Central de SP,-46.635987,-23.543311,2019-02-15 22:50:00,0.0,22:50,2019-02-15
2077,SÃO PAULO,355030833A,SP,AC Central de SP,-46.635987,-23.543311,2019-02-15 23:00:00,0.2,23:00,2019-02-15
2078,SÃO PAULO,355030833A,SP,AC Central de SP,-46.635987,-23.543311,2019-02-15 23:30:00,0.2,23:30,2019-02-15
2079,SÃO PAULO,355030833A,SP,AC Central de SP,-46.635987,-23.543311,2019-02-15 23:50:00,0.2,23:50,2019-02-15
2080,SÃO PAULO,355030833A,SP,AC Central de SP,-46.635987,-23.543311,2019-02-16 00:10:00,0.2,00:10,2019-02-16
2081,SÃO PAULO,355030833A,SP,AC Central de SP,-46.635987,-23.543311,2019-02-16 00:30:00,0.2,00:30,2019-02-16
2082,SÃO PAULO,355030833A,SP,AC Central de SP,-46.635987,-23.543311,2019-02-16 00:50:00,0.2,00:50,2019-02-16
2083,SÃO PAULO,355030833A,SP,AC Central de SP,-46.635987,-23.543311,2019-02-16 01:00:00,0.2,01:00,2019-02-16
2084,SÃO PAULO,355030833A,SP,AC Central de SP,-46.635987,-23.543311,2019-02-16 01:20:00,0.2,01:20,2019-02-16
2085,SÃO PAULO,355030833A,SP,AC Central de SP,-46.635987,-23.543311,2019-02-16 01:40:00,0.2,01:40,2019-02-16
2086,SÃO PAULO,355030833A,SP,AC Central de SP,-46.635987,-23.543311,2019-02-16 01:50:00,0.0,01:50,2019-02-16
2087,SÃO PAULO,355030833A,SP,AC Central de SP,-46.635987,-23.543311,2019-02-16 02:00:00,0.2,02:00,2019-02-16
2088,SÃO PAULO,355030833A,SP,AC Central de SP,-46.635987,-23.543311,2019-02-16 02:20:00,0.2,02:20,2019-02-16
2089,SÃO PAULO,355030833A,SP,AC Central de SP,-46.635987,-23.543311,2019-02-16 02:50:00,0.2,02:50,2019-02-16
2090,SÃO PAULO,355030833A,SP,AC Central de SP,-46.635987,-23.543311,2019-02-16 03:00:00,0.0,03:00,2019-02-16
2091,SÃO PAULO,355030833A,SP,AC Central de SP,-46.635987,-23.543311,2019-02-16 03:10:00,0.2,03:10,2019-02-16
2092,SÃO PAULO,355030833A,SP,AC Central de SP,-46.635987,-23.543311,2019-02-16 03:30:00,0.2,03:30,2019-02-16
2093,SÃO PAULO,355030833A,SP,AC Central de SP,-46.635987,-23.543311,2019-02-16 03:50:00,0.2,03:50,2019-02-16
2094,SÃO PAULO,355030833A,SP,AC Central de SP,-46.635987,-23.543311,2019-02-16 04:10:00,0.2,04:10,2019-02-16
2095,SÃO PAULO,355030833A,SP,AC Central de SP,-46.635987,-23.543311,2019-02-16 04:40:00,0.2,04:40,2019-02-16
2096,SÃO PAULO,355030833A,SP,AC Central de SP,-46.635987,-23.543311,2019-02-16 05:00:00,0.2,05:00,2019-02-16
2097,SÃO PAULO,355030833A,SP,AC Central de SP,-46.635987,-23.543311,2019-02-16 05:20:00,0.2,05:20,2019-02-16
2098,SÃO PAULO,355030833A,SP,AC Central de SP,-46.635987,-23.543311,2019-02-16 05:40:00,0.2,05:40,2019-02-16
2099,SÃO PAULO,355030833A,SP,AC Central de SP,-46.635987,-23.543311,2019-02-16 05:50:00,0.0,05:50,2019-02-16
2100,SÃO PAULO,355030833A,SP,AC Central de SP,-46.635987,-23.543311,2019-02-16 06:00:00,0.2,06:00,2019-02-16
2101,SÃO PAULO,355030833A,SP,AC Central de SP,-46.635987,-23.543311,2019-02-16 06:30:00,0.2,06:30,2019-02-16
2102,SÃO PAULO,355030833A,SP,AC Central de SP,-46.635987,-23.543311,2019-02-16 06:50:00,0.2,06:50,2019-02-16
2103,SÃO PAULO,355030833A,SP,AC Central de SP,-46.635987,-23.543311,2019-02-16 07:10:00,0.2,07:10,2019-02-16
2104,SÃO PAULO,355030833A,SP,AC Central de SP,-46.635987,-23.543311,2019-02-16 07:30:00,0.2,07:30,2019-02-16
2105,SÃO PAULO,355030833A,SP,AC Central de SP,-46.635987,-23.543311,2019-02-16 07:50:00,0.2,07:50,2019-02-16
2106,SÃO PAULO,355030833A,SP,AC Central de SP,-46.635987,-23.543311,2019-02-16 08:20:00,0.2,08:20,2019-02-16
2107,SÃO PAULO,355030833A,SP,AC Central de SP,-46.635987,-23.543311,2019-02-16 08:40:00,0.2,08:40,2019-02-16
2108,SÃO PAULO,355030833A,SP,AC Central de SP,-46.635987,-23.543311,2019-02-16 08:50:00,0.0,08:50,2019-02-16
2109,SÃO PAULO,355030833A,SP,AC Central de SP,-46.635987,-23.543311,2019-02-16 09:00:00,0.2,09:00,2019-02-16
2110,SÃO PAULO,355030833A,SP,AC Central de SP,-46.635987,-23.543311,2019-02-16 09:20:00,0.2,09:20,2019-02-16
2111,SÃO PAULO,355030833A,SP,AC Central de SP,-46.635987,-23.543311,2019-02-16 09:50:00,0.2,09:50,2019-02-16
2112,SÃO PAULO,355030833A,SP,AC Central de SP,-46.635987,-23.543311,2019-02-16 10:10:00,0.2,10:10,2019-02-16
2113,SÃO PAULO,355030833A,SP,AC Central de SP,-46.635987,-23.543311,2019-02-16 10:30:00,0.2,10:30,2019-02-16
2114,SÃO PAULO,355030833A,SP,AC Central de SP,-46.635987,-23.543311,2019-02-16 10:50:00,0.2,10:50,2019-02-16
2115,SÃO PAULO,355030833A,SP,AC Central de SP,-46.635987,-23.543311,2019-02-16 11:20:00,0.2,11:20,2019-02-16
2116,SÃO PAULO,355030833A,SP,AC Central de SP,-46.635987,-23.543311,2019-02-16 11:50:00,0.2,11:50,2019-02-16
2117,SÃO PAULO,355030833A,SP,AC Central de SP,-46.635987,-23.543311,2019-02-16 12:00:00,0.0,12:00,2019-02-16
2118,SÃO PAULO,355030833A,SP,AC Central de SP,-46.635987,-23.543311,2019-02-16 12:10:00,0.2,12:10,2019-02-16
2119,SÃO PAULO,355030833A,SP,AC Central de SP,-46.635987,-23.543311,2019-02-16 12:30:00,0.2,12:30,2019-02-16
2120,SÃO PAULO,355030833A,SP,AC Central de SP,-46.635987,-23.543311,2019-02-16 12:50:00,0.0,12:50,2019-02-16
2121,SÃO PAULO,355030833A,SP,AC Central de SP,-46.635987,-23.543311,2019-02-16 13:00:00,0.2,13:00,2019-02-16
2122,SÃO PAULO,355030833A,SP,AC Central de SP,-46.635987,-23.543311,2019-02-16 13:20:00,0.2,13:20,2019-02-16
2123,SÃO PAULO,355030833A,SP,AC Central de SP,-46.635987,-23.543311,2019-02-16 13:40:00,0.2,13:40,2019-02-16
2124,SÃO PAULO,355030833A,SP,AC Central de SP,-46.635987,-23.543311,2019-02-16 13:50:00,0.2,13:50,2019-02-16
2125,SÃO PAULO,355030833A,SP,AC Central de SP,-46.635987,-23.543311,2019-02-16 14:10:00,0.2,14:10,2019-02-16
2126,SÃO PAULO,355030833A,SP,AC Central de SP,-46.635987,-23.543311,2019-02-16 14:40:00,0.2,14:40,2019-02-16
2127,SÃO PAULO,355030833A,SP,AC Central de SP,-46.635987,-23.543311,2019-02-16 15:00:00,0.2,15:00,2019-02-16
2128,SÃO PAULO,355030833A,SP,AC Central de SP,-46.635987,-23.543311,2019-02-16 15:20:00,0.2,15:20,2019-02-16
2129,SÃO PAULO,355030833A,SP,AC Central de SP,-46.635987,-23.543311,2019-02-16 15:40:00,0.2,15:40,2019-02-16
2130,SÃO PAULO,355030833A,SP,AC Central de SP,-46.635987,-23.543311,2019-02-16 16:00:00,0.2,16:00,2019-02-16
2131,SÃO PAULO,355030833A,SP,AC Central de SP,-46.635987,-23.543311,2019-02-16 16:20:00,0.2,16:20,2019-02-16
2132,SÃO PAULO,355030833A,SP,AC Central de SP,-46.635987,-23.543311,2019-02-16 16:50:00,0.2,16:50,2019-02-16
2133,SÃO PAULO,355030833A,SP,AC Central de SP,-46.635987,-23.543311,2019-02-16 17:10:00,0.2,17:10,2019-02-16
2134,SÃO PAULO,355030833A,SP,AC Central de SP,-46.635987,-23.543311,2019-02-16 17:30:00,0.2,17:30,2019-02-16
2135,SÃO PAULO,355030833A,SP,AC Central de SP,-46.635987,-23.543311,2019-02-16 18:00:00,0.2,18:00,2019-02-16
2136,SÃO PAULO,355030833A,SP,AC Central de SP,-46.635987,-23.543311,2019-02-16 18:20:00,0.2,18:20,2019-02-16
2137,SÃO PAULO,355030833A,SP,AC Central de SP,-46.635987,-23.543311,2019-02-16 18:50:00,0.2,18:50,2019-02-16
2138,SÃO PAULO,355030833A,SP,AC Central de SP,-46.635987,-23.543311,2019-02-16 19:10:00,0.2,19:10,2019-02-16
2139,SÃO PAULO,355030833A,SP,AC Central de SP,-46.635987,-23.543311,2019-02-16 19:30:00,0.2,19:30,2019-02-16
2140,SÃO PAULO,355030833A,SP,AC Central de SP,-46.635987,-23.543311,2019-02-16 19:50:00,0.2,19:50,2019-02-16
2141,SÃO PAULO,355030833A,SP,AC Central de SP,-46.635987,-23.543311,2019-02-16 20:10:00,0.2,20:10,2019-02-16
2142,SÃO PAULO,355030833A,SP,AC Central de SP,-46.635987,-23.543311,2019-02-16 20:30:00,0.2,20:30,2019-02-16
2143,SÃO PAULO,355030833A,SP,AC Central de SP,-46.635987,-23.543311,2019-02-16 20:50:00,0.2,20:50,2019-02-16
2144,SÃO PAULO,355030833A,SP,AC Central de SP,-46.635987,-23.543311,2019-02-16 21:10:00,0.2,21:10,2019-02-16
2145,SÃO PAULO,355030833A,SP,AC Central de SP,-46.635987,-23.543311,2019-02-16 21:30:00,0.2,21:30,2019-02-16
2146,SÃO PAULO,355030833A,SP,AC Central de SP,-46.635987,-23.543311,2019-02-16 21:50:00,0.2,21:50,2019-02-16
2147,SÃO PAULO,355030833A,SP,AC Central de SP,-46.635987,-23.543311,2019-02-16 22:10:00,0.2,22:10,2019-02-16
2148,SÃO PAULO,355030833A,SP,AC Central de SP,-46.635987,-23.543311,2019-02-16 22:30:00,0.2,22:30,2019-02-16
2149,SÃO PAULO,355030833A,SP,AC Central de SP,-46.635987,-23.543311,2019-02-16 22:40:00,0.2,22:40,2019-02-16
2150,SÃO PAULO,355030833A,SP,AC Central de SP,-46.635987,-23.543311,2019-02-16 22:50:00,0.0,22:50,2019-02-16
2151,SÃO PAULO,355030833A,SP,AC Central de SP,-46.635987,-23.543311,2019-02-16 23:00:00,0.2,23:00,2019-02-16
2152,SÃO PAULO,355030833A,SP,AC Central de SP,-46.635987,-23.543311,2019-02-16 23:20:00,0.2,23:20,2019-02-16
2153,SÃO PAULO,355030833A,SP,AC Central de SP,-46.635987,-23.543311,2019-02-16 23:40:00,0.2,23:40,2019-02-16
2154,SÃO PAULO,355030833A,SP,AC Central de SP,-46.635987,-23.543311,2019-02-16 23:50:00,0.0,23:50,2019-02-16
2155,SÃO PAULO,355030833A,SP,AC Central de SP,-46.635987,-23.543311,2019-02-17 00:00:00,0.2,00:00,2019-02-17
2156,SÃO PAULO,355030833A,SP,AC Central de SP,-46.635987,-23.543311,2019-02-17 00:20:00,0.2,00:20,2019-02-17
2157,SÃO PAULO,355030833A,SP,AC Central de SP,-46.635987,-23.543311,2019-02-17 00:30:00,0.2,00:30,2019-02-17
2158,SÃO PAULO,355030833A,SP,AC Central de SP,-46.635987,-23.543311,2019-02-17 00:50:00,0.2,00:50,2019-02-17
2159,SÃO PAULO,355030833A,SP,AC Central de SP,-46.635987,-23.543311,2019-02-17 01:10:00,0.2,01:10,2019-02-17
2160,SÃO PAULO,355030833A,SP,AC Central de SP,-46.635987,-23.543311,2019-02-17 01:30:00,0.2,01:30,2019-02-17
2161,SÃO PAULO,355030833A,SP,AC Central de SP,-46.635987,-23.543311,2019-02-17 01:50:00,0.2,01:50,2019-02-17
2162,SÃO PAULO,355030833A,SP,AC Central de SP,-46.635987,-23.543311,2019-02-17 02:00:00,0.2,02:00,2019-02-17
2163,SÃO PAULO,355030833A,SP,AC Central de SP,-46.635987,-23.543311,2019-02-17 02:30:00,0.2,02:30,2019-02-17
2164,SÃO PAULO,355030833A,SP,AC Central de SP,-46.635987,-23.543311,2019-02-17 02:40:00,0.2,02:40,2019-02-17
2165,SÃO PAULO,355030833A,SP,AC Central de SP,-46.635987,-23.543311,2019-02-17 02:50:00,0.0,02:50,2019-02-17
2166,SÃO PAULO,355030833A,SP,AC Central de SP,-46.635987,-23.543311,2019-02-17 03:00:00,0.2,03:00,2019-02-17
2167,SÃO PAULO,355030833A,SP,AC Central de SP,-46.635987,-23.543311,2019-02-17 03:20:00,0.2,03:20,2019-02-17
2168,SÃO PAULO,355030833A,SP,AC Central de SP,-46.635987,-23.543311,2019-02-17 03:40:00,0.2,03:40,2019-02-17
2169,SÃO PAULO,355030833A,SP,AC Central de SP,-46.635987,-23.543311,2019-02-17 03:50:00,0.0,03:50,2019-02-17
2170,SÃO PAULO,355030833A,SP,AC Central de SP,-46.635987,-23.543311,2019-02-17 04:00:00,0.2,04:00,2019-02-17
2171,SÃO PAULO,355030833A,SP,AC Central de SP,-46.635987,-23.543311,2019-02-17 04:20:00,0.2,04:20,2019-02-17
2172,SÃO PAULO,355030833A,SP,AC Central de SP,-46.635987,-23.543311,2019-02-17 04:40:00,0.2,04:40,2019-02-17
2173,SÃO PAULO,355030833A,SP,AC Central de SP,-46.635987,-23.543311,2019-02-17 04:50:00,0.0,04:50,2019-02-17
2174,SÃO PAULO,355030833A,SP,AC Central de SP,-46.635987,-23.543311,2019-02-17 05:00:00,0.2,05:00,2019-02-17
2175,SÃO PAULO,355030833A,SP,AC Central de SP,-46.635987,-23.543311,2019-02-17 05:20:00,0.2,05:20,2019-02-17
2176,SÃO PAULO,355030833A,SP,AC Central de SP,-46.635987,-23.543311,2019-02-17 05:30:00,0.2,05:30,2019-02-17
2177,SÃO PAULO,355030833A,SP,AC Central de SP,-46.635987,-23.543311,2019-02-17 05:50:00,0.2,05:50,2019-02-17
2178,SÃO PAULO,355030833A,SP,AC Central de SP,-46.635987,-23.543311,2019-02-17 06:10:00,0.2,06:10,2019-02-17
2179,SÃO PAULO,355030833A,SP,AC Central de SP,-46.635987,-23.543311,2019-02-17 06:30:00,0.2,06:30,2019-02-17
2180,SÃO PAULO,355030833A,SP,AC Central de SP,-46.635987,-23.543311,2019-02-17 06:50:00,0.2,06:50,2019-02-17
2181,SÃO PAULO,355030833A,SP,AC Central de SP,-46.635987,-23.543311,2019-02-17 07:10:00,0.2,07:10,2019-02-17
2182,SÃO PAULO,355030833A,SP,AC Central de SP,-46.635987,-23.543311,2019-02-17 07:40:00,0.2,07:40,2019-02-17
2183,SÃO PAULO,355030833A,SP,AC Central de SP,-46.635987,-23.543311,2019-02-17 07:50:00,0.0,07:50,2019-02-17
2184,SÃO PAULO,355030833A,SP,AC Central de SP,-46.635987,-23.543311,2019-02-17 08:00:00,0.2,08:00,2019-02-17
2185,SÃO PAULO,355030833A,SP,AC Central de SP,-46.635987,-23.543311,2019-02-17 08:30:00,0.2,08:30,2019-02-17
2186,SÃO PAULO,355030833A,SP,AC Central de SP,-46.635987,-23.543311,2019-02-17 08:40:00,0.2,08:40,2019-02-17
2187,SÃO PAULO,355030833A,SP,AC Central de SP,-46.635987,-23.543311,2019-02-17 08:50:00,0.0,08:50,2019-02-17
2188,SÃO PAULO,355030833A,SP,AC Central de SP,-46.635987,-23.543311,2019-02-17 09:00:00,0.2,09:00,2019-02-17
2189,SÃO PAULO,355030833A,SP,AC Central de SP,-46.635987,-23.543311,2019-02-17 09:20:00,0.2,09:20,2019-02-17
2190,SÃO PAULO,355030833A,SP,AC Central de SP,-46.635987,-23.543311,2019-02-17 09:40:00,0.2,09:40,2019-02-17
2191,SÃO PAULO,355030833A,SP,AC Central de SP,-46.635987,-23.543311,2019-02-17 09:50:00,0.0,09:50,2019-02-17
2192,SÃO PAULO,355030833A,SP,AC Central de SP,-46.635987,-23.543311,2019-02-17 10:00:00,0.2,10:00,2019-02-17
2193,SÃO PAULO,355030833A,SP,AC Central de SP,-46.635987,-23.543311,2019-02-17 10:20:00,0.2,10:20,2019-02-17
2194,SÃO PAULO,355030833A,SP,AC Central de SP,-46.635987,-23.543311,2019-02-17 10:40:00,0.2,10:40,2019-02-17
2195,SÃO PAULO,355030833A,SP,AC Central de SP,-46.635987,-23.543311,2019-02-17 10:50:00,0.0,10:50,2019-02-17
2196,SÃO PAULO,355030833A,SP,AC Central de SP,-46.635987,-23.543311,2019-02-17 11:00:00,0.2,11:00,2019-02-17
2197,SÃO PAULO,355030833A,SP,AC Central de SP,-46.635987,-23.543311,2019-02-17 11:20:00,0.2,11:20,2019-02-17
2198,SÃO PAULO,355030833A,SP,AC Central de SP,-46.635987,-23.543311,2019-02-17 11:40:00,0.2,11:40,2019-02-17
2199,SÃO PAULO,355030833A,SP,AC Central de SP,-46.635987,-23.543311,2019-02-17 11:50:00,0.0,11:50,2019-02-17
2200,SÃO PAULO,355030833A,SP,AC Central de SP,-46.635987,-23.543311,2019-02-17 12:00:00,0.2,12:00,2019-02-17
2201,SÃO PAULO,355030833A,SP,AC Central de SP,-46.635987,-23.543311,2019-02-17 12:20:00,0.2,12:20,2019-02-17
2202,SÃO PAULO,355030833A,SP,AC Central de SP,-46.635987,-23.543311,2019-02-17 12:50:00,0.2,12:50,2019-02-17
2203,SÃO PAULO,355030833A,SP,AC Central de SP,-46.635987,-23.543311,2019-02-17 13:00:00,0.0,13:00,2019-02-17
2204,SÃO PAULO,355030833A,SP,AC Central de SP,-46.635987,-23.543311,2019-02-17 13:10:00,0.2,13:10,2019-02-17
2205,SÃO PAULO,355030833A,SP,AC Central de SP,-46.635987,-23.543311,2019-02-17 13:30:00,0.2,13:30,2019-02-17
2206,SÃO PAULO,355030833A,SP,AC Central de SP,-46.635987,-23.543311,2019-02-17 13:50:00,0.2,13:50,2019-02-17
2207,SÃO PAULO,355030833A,SP,AC Central de SP,-46.635987,-23.543311,2019-02-17 14:20:00,0.2,14:20,2019-02-17
2208,SÃO PAULO,355030833A,SP,AC Central de SP,-46.635987,-23.543311,2019-02-17 14:40:00,0.2,14:40,2019-02-17
2209,SÃO PAULO,355030833A,SP,AC Central de SP,-46.635987,-23.543311,2019-02-17 14:50:00,0.0,14:50,2019-02-17
2210,SÃO PAULO,355030833A,SP,AC Central de SP,-46.635987,-23.543311,2019-02-17 15:00:00,0.2,15:00,2019-02-17
2211,SÃO PAULO,355030833A,SP,AC Central de SP,-46.635987,-23.543311,2019-02-17 15:30:00,0.2,15:30,2019-02-17
2212,SÃO PAULO,355030833A,SP,AC Central de SP,-46.635987,-23.543311,2019-02-17 15:50:00,0.2,15:50,2019-02-17
2213,SÃO PAULO,355030833A,SP,AC Central de SP,-46.635987,-23.543311,2019-02-17 16:20:00,0.2,16:20,2019-02-17
2214,SÃO PAULO,355030833A,SP,AC Central de SP,-46.635987,-23.543311,2019-02-17 16:40:00,0.2,16:40,2019-02-17
2215,SÃO PAULO,355030833A,SP,AC Central de SP,-46.635987,-23.543311,2019-02-17 16:50:00,0.0,16:50,2019-02-17
2216,SÃO PAULO,355030833A,SP,AC Central de SP,-46.635987,-23.543311,2019-02-17 17:10:00,0.2,17:10,2019-02-17
2217,SÃO PAULO,355030833A,SP,AC Central de SP,-46.635987,-23.543311,2019-02-17 17:30:00,0.2,17:30,2019-02-17
2218,SÃO PAULO,355030833A,SP,AC Central de SP,-46.635987,-23.543311,2019-02-17 17:50:00,0.0,17:50,2019-02-17
2219,SÃO PAULO,355030833A,SP,AC Central de SP,-46.635987,-23.543311,2019-02-17 18:00:00,0.2,18:00,2019-02-17
2220,SÃO PAULO,355030833A,SP,AC Central de SP,-46.635987,-23.543311,2019-02-17 18:30:00,0.2,18:30,2019-02-17
2221,SÃO PAULO,355030833A,SP,AC Central de SP,-46.635987,-23.543311,2019-02-17 18:50:00,0.0,18:50,2019-02-17
2222,SÃO PAULO,355030833A,SP,AC Central de SP,-46.635987,-23.543311,2019-02-17 19:00:00,0.2,19:00,2019-02-17
2223,SÃO PAULO,355030833A,SP,AC Central de SP,-46.635987,-23.543311,2019-02-17 19:30:00,0.2,19:30,2019-02-17
2224,SÃO PAULO,355030833A,SP,AC Central de SP,-46.635987,-23.543311,2019-02-17 19:50:00,0.0,19:50,2019-02-17
2225,SÃO PAULO,355030833A,SP,AC Central de SP,-46.635987,-23.543311,2019-02-17 20:00:00,0.2,20:00,2019-02-17
2226,SÃO PAULO,355030833A,SP,AC Central de SP,-46.635987,-23.543311,2019-02-17 20:30:00,0.2,20:30,2019-02-17
2227,SÃO PAULO,355030833A,SP,AC Central de SP,-46.635987,-23.543311,2019-02-17 20:50:00,0.0,20:50,2019-02-17
2228,SÃO PAULO,355030833A,SP,AC Central de SP,-46.635987,-23.543311,2019-02-17 21:10:00,0.2,21:10,2019-02-17
2229,SÃO PAULO,355030833A,SP,AC Central de SP,-46.635987,-23.543311,2019-02-17 21:40:00,0.2,21:40,2019-02-17
2230,SÃO PAULO,355030833A,SP,AC Central de SP,-46.635987,-23.543311,2019-02-17 21:50:00,0.0,21:50,2019-02-17
2231,SÃO PAULO,355030833A,SP,AC Central de SP,-46.635987,-23.543311,2019-02-17 22:20:00,0.2,22:20,2019-02-17
2232,SÃO PAULO,355030833A,SP,AC Central de SP,-46.635987,-23.543311,2019-02-17 22:50:00,0.2,22:50,2019-02-17
2233,SÃO PAULO,355030833A,SP,AC Central de SP,-46.635987,-23.543311,2019-02-17 23:20:00,0.2,23:20,2019-02-17
2234,SÃO PAULO,355030833A,SP,AC Central de SP,-46.635987,-23.543311,2019-02-17 23:50:00,0.0,23:50,2019-02-17
2235,SÃO PAULO,355030833A,SP,AC Central de SP,-46.635987,-23.543311,2019-02-18 00:00:00,0.2,00:00,2019-02-18
2236,SÃO PAULO,355030833A,SP,AC Central de SP,-46.635987,-23.543311,2019-02-18 00:30:00,0.2,00:30,2019-02-18
2237,SÃO PAULO,355030833A,SP,AC Central de SP,-46.635987,-23.543311,2019-02-18 00:50:00,0.0,00:50,2019-02-18
2238,SÃO PAULO,355030833A,SP,AC Central de SP,-46.635987,-23.543311,2019-02-18 01:10:00,0.2,01:10,2019-02-18
2239,SÃO PAULO,355030833A,SP,AC Central de SP,-46.635987,-23.543311,2019-02-18 01:40:00,0.2,01:40,2019-02-18
2240,SÃO PAULO,355030833A,SP,AC Central de SP,-46.635987,-23.543311,2019-02-18 01:50:00,0.0,01:50,2019-02-18
2241,SÃO PAULO,355030833A,SP,AC Central de SP,-46.635987,-23.543311,2019-02-18 02:20:00,0.2,02:20,2019-02-18
2242,SÃO PAULO,355030833A,SP,AC Central de SP,-46.635987,-23.543311,2019-02-18 02:50:00,0.2,02:50,2019-02-18
2243,SÃO PAULO,355030833A,SP,AC Central de SP,-46.635987,-23.543311,2019-02-18 03:30:00,0.2,03:30,2019-02-18
2244,SÃO PAULO,355030833A,SP,AC Central de SP,-46.635987,-23.543311,2019-02-18 03:50:00,0.0,03:50,2019-02-18
2245,SÃO PAULO,355030833A,SP,AC Central de SP,-46.635987,-23.543311,2019-02-18 04:00:00,0.2,04:00,2019-02-18
2246,SÃO PAULO,355030833A,SP,AC Central de SP,-46.635987,-23.543311,2019-02-18 04:30:00,0.2,04:30,2019-02-18
2247,SÃO PAULO,355030833A,SP,AC Central de SP,-46.635987,-23.543311,2019-02-18 04:50:00,0.0,04:50,2019-02-18
2248,SÃO PAULO,355030833A,SP,AC Central de SP,-46.635987,-23.543311,2019-02-18 05:10:00,0.2,05:10,2019-02-18
2249,SÃO PAULO,355030833A,SP,AC Central de SP,-46.635987,-23.543311,2019-02-18 05:40:00,0.2,05:40,2019-02-18
2250,SÃO PAULO,355030833A,SP,AC Central de SP,-46.635987,-23.543311,2019-02-18 05:50:00,0.0,05:50,2019-02-18
2251,SÃO PAULO,355030833A,SP,AC Central de SP,-46.635987,-23.543311,2019-02-18 06:20:00,0.2,06:20,2019-02-18
2252,SÃO PAULO,355030833A,SP,AC Central de SP,-46.635987,-23.543311,2019-02-18 06:50:00,0.2,06:50,2019-02-18
2253,SÃO PAULO,355030833A,SP,AC Central de SP,-46.635987,-23.543311,2019-02-18 07:30:00,0.2,07:30,2019-02-18
2254,SÃO PAULO,355030833A,SP,AC Central de SP,-46.635987,-23.543311,2019-02-18 07:50:00,0.0,07:50,2019-02-18
2255,SÃO PAULO,355030833A,SP,AC Central de SP,-46.635987,-23.543311,2019-02-18 08:00:00,0.2,08:00,2019-02-18
2256,SÃO PAULO,355030833A,SP,AC Central de SP,-46.635987,-23.543311,2019-02-18 08:40:00,0.2,08:40,2019-02-18
2257,SÃO PAULO,355030833A,SP,AC Central de SP,-46.635987,-23.543311,2019-02-18 08:50:00,0.0,08:50,2019-02-18
2258,SÃO PAULO,355030833A,SP,AC Central de SP,-46.635987,-23.543311,2019-02-18 09:10:00,0.2,09:10,2019-02-18
2259,SÃO PAULO,355030833A,SP,AC Central de SP,-46.635987,-23.543311,2019-02-18 09:50:00,0.2,09:50,2019-02-18
2260,SÃO PAULO,355030833A,SP,AC Central de SP,-46.635987,-23.543311,2019-02-18 10:20:00,0.2,10:20,2019-02-18
2261,SÃO PAULO,355030833A,SP,AC Central de SP,-46.635987,-23.543311,2019-02-18 10:50:00,0.0,10:50,2019-02-18
2262,SÃO PAULO,355030833A,SP,AC Central de SP,-46.635987,-23.543311,2019-02-18 11:00:00,0.2,11:00,2019-02-18
2263,SÃO PAULO,355030833A,SP,AC Central de SP,-46.635987,-23.543311,2019-02-18 11:40:00,0.2,11:40,2019-02-18
2264,SÃO PAULO,355030833A,SP,AC Central de SP,-46.635987,-23.543311,2019-02-18 11:50:00,0.0,11:50,2019-02-18
2265,SÃO PAULO,355030833A,SP,AC Central de SP,-46.635987,-23.543311,2019-02-18 12:10:00,0.2,12:10,2019-02-18
2266,SÃO PAULO,355030833A,SP,AC Central de SP,-46.635987,-23.543311,2019-02-18 12:50:00,0.2,12:50,2019-02-18
2267,SÃO PAULO,355030833A,SP,AC Central de SP,-46.635987,-23.543311,2019-02-18 13:20:00,0.2,13:20,2019-02-18
2268,SÃO PAULO,355030833A,SP,AC Central de SP,-46.635987,-23.543311,2019-02-18 13:50:00,0.2,13:50,2019-02-18
2269,SÃO PAULO,355030833A,SP,AC Central de SP,-46.635987,-23.543311,2019-02-18 14:30:00,0.2,14:30,2019-02-18
2270,SÃO PAULO,355030833A,SP,AC Central de SP,-46.635987,-23.543311,2019-02-18 14:50:00,0.0,14:50,2019-02-18
2271,SÃO PAULO,355030833A,SP,AC Central de SP,-46.635987,-23.543311,2019-02-18 15:00:00,0.2,15:00,2019-02-18
2272,SÃO PAULO,355030833A,SP,AC Central de SP,-46.635987,-23.543311,2019-02-18 15:30:00,0.2,15:30,2019-02-18
2273,SÃO PAULO,355030833A,SP,AC Central de SP,-46.635987,-23.543311,2019-02-18 15:50:00,0.0,15:50,2019-02-18
2274,SÃO PAULO,355030833A,SP,AC Central de SP,-46.635987,-23.543311,2019-02-18 16:00:00,0.2,16:00,2019-02-18
2275,SÃO PAULO,355030833A,SP,AC Central de SP,-46.635987,-23.543311,2019-02-18 16:40:00,0.2,16:40,2019-02-18
2276,SÃO PAULO,355030833A,SP,AC Central de SP,-46.635987,-23.543311,2019-02-18 16:50:00,0.0,16:50,2019-02-18
2277,SÃO PAULO,355030833A,SP,AC Central de SP,-46.635987,-23.543311,2019-02-18 17:10:00,0.2,17:10,2019-02-18
2278,SÃO PAULO,355030833A,SP,AC Central de SP,-46.635987,-23.543311,2019-02-18 17:50:00,0.2,17:50,2019-02-18
2279,SÃO PAULO,355030833A,SP,AC Central de SP,-46.635987,-23.543311,2019-02-18 18:20:00,0.2,18:20,2019-02-18
2280,SÃO PAULO,355030833A,SP,AC Central de SP,-46.635987,-23.543311,2019-02-18 18:50:00,0.2,18:50,2019-02-18
2281,SÃO PAULO,355030833A,SP,AC Central de SP,-46.635987,-23.543311,2019-02-18 19:20:00,0.2,19:20,2019-02-18
2282,SÃO PAULO,355030833A,SP,AC Central de SP,-46.635987,-23.543311,2019-02-18 19:50:00,0.2,19:50,2019-02-18
2283,SÃO PAULO,355030833A,SP,AC Central de SP,-46.635987,-23.543311,2019-02-18 20:20:00,0.2,20:20,2019-02-18
2284,SÃO PAULO,355030833A,SP,AC Central de SP,-46.635987,-23.543311,2019-02-18 20:40:00,0.2,20:40,2019-02-18
2285,SÃO PAULO,355030833A,SP,AC Central de SP,-46.635987,-23.543311,2019-02-18 20:50:00,0.0,20:50,2019-02-18
2286,SÃO PAULO,355030833A,SP,AC Central de SP,-46.635987,-23.543311,2019-02-18 21:10:00,0.2,21:10,2019-02-18
2287,SÃO PAULO,355030833A,SP,AC Central de SP,-46.635987,-23.543311,2019-02-18 21:50:00,0.2,21:50,2019-02-18
2288,SÃO PAULO,355030833A,SP,AC Central de SP,-46.635987,-23.543311,2019-02-18 22:20:00,0.2,22:20,2019-02-18
2289,SÃO PAULO,355030833A,SP,AC Central de SP,-46.635987,-23.543311,2019-02-18 22:50:00,0.2,22:50,2019-02-18
2290,SÃO PAULO,355030833A,SP,AC Central de SP,-46.635987,-23.543311,2019-02-18 23:20:00,0.2,23:20,2019-02-18
2291,SÃO PAULO,355030833A,SP,AC Central de SP,-46.635987,-23.543311,2019-02-18 23:50:00,0.0,23:50,2019-02-18
2292,SÃO PAULO,355030833A,SP,AC Central de SP,-46.635987,-23.543311,2019-02-19 00:00:00,0.2,00:00,2019-02-19
2293,SÃO PAULO,355030833A,SP,AC Central de SP,-46.635987,-23.543311,2019-02-19 00:30:00,0.2,00:30,2019-02-19
2294,SÃO PAULO,355030833A,SP,AC Central de SP,-46.635987,-23.543311,2019-02-19 00:50:00,0.0,00:50,2019-02-19
2295,SÃO PAULO,355030833A,SP,AC Central de SP,-46.635987,-23.543311,2019-02-19 01:00:00,0.2,01:00,2019-02-19
2296,SÃO PAULO,355030833A,SP,AC Central de SP,-46.635987,-23.543311,2019-02-19 01:30:00,0.2,01:30,2019-02-19
2297,SÃO PAULO,355030833A,SP,AC Central de SP,-46.635987,-23.543311,2019-02-19 01:50:00,0.0,01:50,2019-02-19
2298,SÃO PAULO,355030833A,SP,AC Central de SP,-46.635987,-23.543311,2019-02-19 02:00:00,0.2,02:00,2019-02-19
2299,SÃO PAULO,355030833A,SP,AC Central de SP,-46.635987,-23.543311,2019-02-19 02:40:00,0.2,02:40,2019-02-19
2300,SÃO PAULO,355030833A,SP,AC Central de SP,-46.635987,-23.543311,2019-02-19 02:50:00,0.0,02:50,2019-02-19
2301,SÃO PAULO,355030833A,SP,AC Central de SP,-46.635987,-23.543311,2019-02-19 03:10:00,0.2,03:10,2019-02-19
2302,SÃO PAULO,355030833A,SP,AC Central de SP,-46.635987,-23.543311,2019-02-19 03:40:00,0.2,03:40,2019-02-19
2303,SÃO PAULO,355030833A,SP,AC Central de SP,-46.635987,-23.543311,2019-02-19 03:50:00,0.0,03:50,2019-02-19
2304,SÃO PAULO,355030833A,SP,AC Central de SP,-46.635987,-23.543311,2019-02-19 04:10:00,0.2,04:10,2019-02-19
2305,SÃO PAULO,355030833A,SP,AC Central de SP,-46.635987,-23.543311,2019-02-19 04:40:00,0.2,04:40,2019-02-19
2306,SÃO PAULO,355030833A,SP,AC Central de SP,-46.635987,-23.543311,2019-02-19 04:50:00,0.0,04:50,2019-02-19
2307,SÃO PAULO,355030833A,SP,AC Central de SP,-46.635987,-23.543311,2019-02-19 05:10:00,0.2,05:10,2019-02-19
2308,SÃO PAULO,355030833A,SP,AC Central de SP,-46.635987,-23.543311,2019-02-19 05:40:00,0.2,05:40,2019-02-19
2309,SÃO PAULO,355030833A,SP,AC Central de SP,-46.635987,-23.543311,2019-02-19 05:50:00,0.0,05:50,2019-02-19
2310,SÃO PAULO,355030833A,SP,AC Central de SP,-46.635987,-23.543311,2019-02-19 06:10:00,0.2,06:10,2019-02-19
2311,SÃO PAULO,355030833A,SP,AC Central de SP,-46.635987,-23.543311,2019-02-19 06:40:00,0.2,06:40,2019-02-19
2312,SÃO PAULO,355030833A,SP,AC Central de SP,-46.635987,-23.543311,2019-02-19 07:00:00,0.0,07:00,2019-02-19
2313,SÃO PAULO,355030833A,SP,AC Central de SP,-46.635987,-23.543311,2019-02-19 07:20:00,0.2,07:20,2019-02-19
2314,SÃO PAULO,355030833A,SP,AC Central de SP,-46.635987,-23.543311,2019-02-19 07:50:00,0.2,07:50,2019-02-19
2315,SÃO PAULO,355030833A,SP,AC Central de SP,-46.635987,-23.543311,2019-02-19 08:20:00,0.2,08:20,2019-02-19
2316,SÃO PAULO,355030833A,SP,AC Central de SP,-46.635987,-23.543311,2019-02-19 08:50:00,0.2,08:50,2019-02-19
2317,SÃO PAULO,355030833A,SP,AC Central de SP,-46.635987,-23.543311,2019-02-19 09:20:00,0.2,09:20,2019-02-19
2318,SÃO PAULO,355030833A,SP,AC Central de SP,-46.635987,-23.543311,2019-02-19 09:50:00,0.2,09:50,2019-02-19
2319,SÃO PAULO,355030833A,SP,AC Central de SP,-46.635987,-23.543311,2019-02-19 10:20:00,0.2,10:20,2019-02-19
2320,SÃO PAULO,355030833A,SP,AC Central de SP,-46.635987,-23.543311,2019-02-19 10:50:00,0.0,10:50,2019-02-19
2321,SÃO PAULO,355030833A,SP,AC Central de SP,-46.635987,-23.543311,2019-02-19 11:00:00,0.2,11:00,2019-02-19
2322,SÃO PAULO,355030833A,SP,AC Central de SP,-46.635987,-23.543311,2019-02-19 11:30:00,0.2,11:30,2019-02-19
2323,SÃO PAULO,355030833A,SP,AC Central de SP,-46.635987,-23.543311,2019-02-19 11:50:00,0.2,11:50,2019-02-19
2324,SÃO PAULO,355030833A,SP,AC Central de SP,-46.635987,-23.543311,2019-02-19 12:30:00,0.2,12:30,2019-02-19
2325,SÃO PAULO,355030833A,SP,AC Central de SP,-46.635987,-23.543311,2019-02-19 12:50:00,0.0,12:50,2019-02-19
2326,SÃO PAULO,355030833A,SP,AC Central de SP,-46.635987,-23.543311,2019-02-19 13:00:00,0.2,13:00,2019-02-19
2327,SÃO PAULO,355030833A,SP,AC Central de SP,-46.635987,-23.543311,2019-02-19 13:30:00,0.2,13:30,2019-02-19
2328,SÃO PAULO,355030833A,SP,AC Central de SP,-46.635987,-23.543311,2019-02-19 13:50:00,0.0,13:50,2019-02-19
2329,SÃO PAULO,355030833A,SP,AC Central de SP,-46.635987,-23.543311,2019-02-19 14:00:00,0.2,14:00,2019-02-19
2330,SÃO PAULO,355030833A,SP,AC Central de SP,-46.635987,-23.543311,2019-02-19 14:30:00,0.2,14:30,2019-02-19
2331,SÃO PAULO,355030833A,SP,AC Central de SP,-46.635987,-23.543311,2019-02-19 14:50:00,0.0,14:50,2019-02-19
2332,SÃO PAULO,355030833A,SP,AC Central de SP,-46.635987,-23.543311,2019-02-19 15:00:00,0.2,15:00,2019-02-19
2333,SÃO PAULO,355030833A,SP,AC Central de SP,-46.635987,-23.543311,2019-02-19 15:30:00,0.2,15:30,2019-02-19
2334,SÃO PAULO,355030833A,SP,AC Central de SP,-46.635987,-23.543311,2019-02-19 15:50:00,0.0,15:50,2019-02-19
2335,SÃO PAULO,355030833A,SP,AC Central de SP,-46.635987,-23.543311,2019-02-19 16:00:00,0.2,16:00,2019-02-19
2336,SÃO PAULO,355030833A,SP,AC Central de SP,-46.635987,-23.543311,2019-02-19 16:40:00,0.2,16:40,2019-02-19
2337,SÃO PAULO,355030833A,SP,AC Central de SP,-46.635987,-23.543311,2019-02-19 16:50:00,0.0,16:50,2019-02-19
2338,SÃO PAULO,355030833A,SP,AC Central de SP,-46.635987,-23.543311,2019-02-19 17:10:00,0.2,17:10,2019-02-19
2339,SÃO PAULO,355030833A,SP,AC Central de SP,-46.635987,-23.543311,2019-02-19 17:40:00,0.2,17:40,2019-02-19
2340,SÃO PAULO,355030833A,SP,AC Central de SP,-46.635987,-23.543311,2019-02-19 17:50:00,0.0,17:50,2019-02-19
2341,SÃO PAULO,355030833A,SP,AC Central de SP,-46.635987,-23.543311,2019-02-19 18:10:00,0.2,18:10,2019-02-19
2342,SÃO PAULO,355030833A,SP,AC Central de SP,-46.635987,-23.543311,2019-02-19 18:50:00,0.2,18:50,2019-02-19
2343,SÃO PAULO,355030833A,SP,AC Central de SP,-46.635987,-23.543311,2019-02-19 19:00:00,0.0,19:00,2019-02-19
2344,SÃO PAULO,355030833A,SP,AC Central de SP,-46.635987,-23.543311,2019-02-19 19:20:00,0.2,19:20,2019-02-19
2345,SÃO PAULO,355030833A,SP,AC Central de SP,-46.635987,-23.543311,2019-02-19 19:50:00,0.2,19:50,2019-02-19
2346,SÃO PAULO,355030833A,SP,AC Central de SP,-46.635987,-23.543311,2019-02-19 20:30:00,0.2,20:30,2019-02-19
2347,SÃO PAULO,355030833A,SP,AC Central de SP,-46.635987,-23.543311,2019-02-19 20:50:00,0.0,20:50,2019-02-19
2348,SÃO PAULO,355030833A,SP,AC Central de SP,-46.635987,-23.543311,2019-02-19 21:00:00,0.2,21:00,2019-02-19
2349,SÃO PAULO,355030833A,SP,AC Central de SP,-46.635987,-23.543311,2019-02-19 21:40:00,0.2,21:40,2019-02-19
2350,SÃO PAULO,355030833A,SP,AC Central de SP,-46.635987,-23.543311,2019-02-19 21:50:00,0.0,21:50,2019-02-19
2351,SÃO PAULO,355030833A,SP,AC Central de SP,-46.635987,-23.543311,2019-02-19 22:10:00,0.2,22:10,2019-02-19
2352,SÃO PAULO,355030833A,SP,AC Central de SP,-46.635987,-23.543311,2019-02-19 22:50:00,0.2,22:50,2019-02-19
2353,SÃO PAULO,355030833A,SP,AC Central de SP,-46.635987,-23.543311,2019-02-19 23:20:00,0.2,23:20,2019-02-19
2354,SÃO PAULO,355030833A,SP,AC Central de SP,-46.635987,-23.543311,2019-02-19 23:50:00,0.0,23:50,2019-02-19
2355,SÃO PAULO,355030833A,SP,AC Central de SP,-46.635987,-23.543311,2019-02-20 00:00:00,0.2,00:00,2019-02-20
2356,SÃO PAULO,355030833A,SP,AC Central de SP,-46.635987,-23.543311,2019-02-20 00:30:00,0.2,00:30,2019-02-20
2357,SÃO PAULO,355030833A,SP,AC Central de SP,-46.635987,-23.543311,2019-02-20 00:50:00,0.0,00:50,2019-02-20
2358,SÃO PAULO,355030833A,SP,AC Central de SP,-46.635987,-23.543311,2019-02-20 01:00:00,0.2,01:00,2019-02-20
2359,SÃO PAULO,355030833A,SP,AC Central de SP,-46.635987,-23.543311,2019-02-20 01:40:00,0.2,01:40,2019-02-20
2360,SÃO PAULO,355030833A,SP,AC Central de SP,-46.635987,-23.543311,2019-02-20 01:50:00,0.0,01:50,2019-02-20
2361,SÃO PAULO,355030833A,SP,AC Central de SP,-46.635987,-23.543311,2019-02-20 02:20:00,0.2,02:20,2019-02-20
2362,SÃO PAULO,355030833A,SP,AC Central de SP,-46.635987,-23.543311,2019-02-20 02:50:00,0.2,02:50,2019-02-20
2363,SÃO PAULO,355030833A,SP,AC Central de SP,-46.635987,-23.543311,2019-02-20 03:30:00,0.2,03:30,2019-02-20
2364,SÃO PAULO,355030833A,SP,AC Central de SP,-46.635987,-23.543311,2019-02-20 03:50:00,0.0,03:50,2019-02-20
2365,SÃO PAULO,355030833A,SP,AC Central de SP,-46.635987,-23.543311,2019-02-20 04:10:00,0.2,04:10,2019-02-20
2366,SÃO PAULO,355030833A,SP,AC Central de SP,-46.635987,-23.543311,2019-02-20 04:50:00,0.2,04:50,2019-02-20
2367,SÃO PAULO,355030833A,SP,AC Central de SP,-46.635987,-23.543311,2019-02-20 05:00:00,0.0,05:00,2019-02-20
2368,SÃO PAULO,355030833A,SP,AC Central de SP,-46.635987,-23.543311,2019-02-20 05:20:00,0.2,05:20,2019-02-20
2369,SÃO PAULO,355030833A,SP,AC Central de SP,-46.635987,-23.543311,2019-02-20 05:50:00,0.0,05:50,2019-02-20
2370,SÃO PAULO,355030833A,SP,AC Central de SP,-46.635987,-23.543311,2019-02-20 06:00:00,0.2,06:00,2019-02-20
2371,SÃO PAULO,355030833A,SP,AC Central de SP,-46.635987,-23.543311,2019-02-20 06:40:00,0.2,06:40,2019-02-20
2372,SÃO PAULO,355030833A,SP,AC Central de SP,-46.635987,-23.543311,2019-02-20 06:50:00,0.0,06:50,2019-02-20
2373,SÃO PAULO,355030833A,SP,AC Central de SP,-46.635987,-23.543311,2019-02-20 07:20:00,0.2,07:20,2019-02-20
2374,SÃO PAULO,355030833A,SP,AC Central de SP,-46.635987,-23.543311,2019-02-20 07:50:00,0.2,07:50,2019-02-20
2375,SÃO PAULO,355030833A,SP,AC Central de SP,-46.635987,-23.543311,2019-02-20 08:30:00,0.2,08:30,2019-02-20
2376,SÃO PAULO,355030833A,SP,AC Central de SP,-46.635987,-23.543311,2019-02-20 08:50:00,0.0,08:50,2019-02-20
2377,SÃO PAULO,355030833A,SP,AC Central de SP,-46.635987,-23.543311,2019-02-20 09:10:00,0.2,09:10,2019-02-20
2378,SÃO PAULO,355030833A,SP,AC Central de SP,-46.635987,-23.543311,2019-02-20 09:50:00,0.2,09:50,2019-02-20
2379,SÃO PAULO,355030833A,SP,AC Central de SP,-46.635987,-23.543311,2019-02-20 10:30:00,0.2,10:30,2019-02-20
2380,SÃO PAULO,355030833A,SP,AC Central de SP,-46.635987,-23.543311,2019-02-20 10:50:00,0.0,10:50,2019-02-20
2381,SÃO PAULO,355030833A,SP,AC Central de SP,-46.635987,-23.543311,2019-02-20 11:10:00,0.2,11:10,2019-02-20
2382,SÃO PAULO,355030833A,SP,AC Central de SP,-46.635987,-23.543311,2019-02-20 11:30:00,0.2,11:30,2019-02-20
2383,SÃO PAULO,355030833A,SP,AC Central de SP,-46.635987,-23.543311,2019-02-20 12:00:00,0.2,12:00,2019-02-20
2384,SÃO PAULO,355030833A,SP,AC Central de SP,-46.635987,-23.543311,2019-02-20 12:30:00,0.2,12:30,2019-02-20
2385,SÃO PAULO,355030833A,SP,AC Central de SP,-46.635987,-23.543311,2019-02-20 12:50:00,0.0,12:50,2019-02-20
2386,SÃO PAULO,355030833A,SP,AC Central de SP,-46.635987,-23.543311,2019-02-20 13:00:00,0.2,13:00,2019-02-20
2387,SÃO PAULO,355030833A,SP,AC Central de SP,-46.635987,-23.543311,2019-02-20 13:30:00,0.2,13:30,2019-02-20
2388,SÃO PAULO,355030833A,SP,AC Central de SP,-46.635987,-23.543311,2019-02-20 13:50:00,0.0,13:50,2019-02-20
2389,SÃO PAULO,355030833A,SP,AC Central de SP,-46.635987,-23.543311,2019-02-20 14:00:00,0.2,14:00,2019-02-20
2390,SÃO PAULO,355030833A,SP,AC Central de SP,-46.635987,-23.543311,2019-02-20 14:30:00,0.2,14:30,2019-02-20
2391,SÃO PAULO,355030833A,SP,AC Central de SP,-46.635987,-23.543311,2019-02-20 14:50:00,0.0,14:50,2019-02-20
2392,SÃO PAULO,355030833A,SP,AC Central de SP,-46.635987,-23.543311,2019-02-20 15:00:00,0.2,15:00,2019-02-20
2393,SÃO PAULO,355030833A,SP,AC Central de SP,-46.635987,-23.543311,2019-02-20 15:40:00,0.2,15:40,2019-02-20
2394,SÃO PAULO,355030833A,SP,AC Central de SP,-46.635987,-23.543311,2019-02-20 15:50:00,0.0,15:50,2019-02-20
2395,SÃO PAULO,355030833A,SP,AC Central de SP,-46.635987,-23.543311,2019-02-20 16:30:00,0.2,16:30,2019-02-20
2396,SÃO PAULO,355030833A,SP,AC Central de SP,-46.635987,-23.543311,2019-02-20 16:50:00,0.0,16:50,2019-02-20
2397,SÃO PAULO,355030833A,SP,AC Central de SP,-46.635987,-23.543311,2019-02-20 17:10:00,0.2,17:10,2019-02-20
2398,SÃO PAULO,355030833A,SP,AC Central de SP,-46.635987,-23.543311,2019-02-20 17:50:00,0.2,17:50,2019-02-20
2399,SÃO PAULO,355030833A,SP,AC Central de SP,-46.635987,-23.543311,2019-02-20 18:30:00,0.2,18:30,2019-02-20
2400,SÃO PAULO,355030833A,SP,AC Central de SP,-46.635987,-23.543311,2019-02-20 18:50:00,0.0,18:50,2019-02-20
2401,SÃO PAULO,355030833A,SP,AC Central de SP,-46.635987,-23.543311,2019-02-20 19:10:00,0.2,19:10,2019-02-20
2402,SÃO PAULO,355030833A,SP,AC Central de SP,-46.635987,-23.543311,2019-02-20 19:50:00,0.0,19:50,2019-02-20
2403,SÃO PAULO,355030833A,SP,AC Central de SP,-46.635987,-23.543311,2019-02-20 20:00:00,0.2,20:00,2019-02-20
2404,SÃO PAULO,355030833A,SP,AC Central de SP,-46.635987,-23.543311,2019-02-20 20:40:00,0.2,20:40,2019-02-20
2405,SÃO PAULO,355030833A,SP,AC Central de SP,-46.635987,-23.543311,2019-02-20 20:50:00,0.0,20:50,2019-02-20
2406,SÃO PAULO,355030833A,SP,AC Central de SP,-46.635987,-23.543311,2019-02-20 21:20:00,0.2,21:20,2019-02-20
2407,SÃO PAULO,355030833A,SP,AC Central de SP,-46.635987,-23.543311,2019-02-20 21:50:00,0.0,21:50,2019-02-20
2408,SÃO PAULO,355030833A,SP,AC Central de SP,-46.635987,-23.543311,2019-02-20 22:10:00,0.2,22:10,2019-02-20
2409,SÃO PAULO,355030833A,SP,AC Central de SP,-46.635987,-23.543311,2019-02-20 22:50:00,0.0,22:50,2019-02-20
2410,SÃO PAULO,355030833A,SP,AC Central de SP,-46.635987,-23.543311,2019-02-20 23:00:00,0.2,23:00,2019-02-20
2411,SÃO PAULO,355030833A,SP,AC Central de SP,-46.635987,-23.543311,2019-02-20 23:50:00,0.2,23:50,2019-02-20
2412,SÃO PAULO,355030833A,SP,AC Central de SP,-46.635987,-23.543311,2019-02-21 00:40:00,0.2,00:40,2019-02-21
2413,SÃO PAULO,355030833A,SP,AC Central de SP,-46.635987,-23.543311,2019-02-21 00:50:00,0.0,00:50,2019-02-21
2414,SÃO PAULO,355030833A,SP,AC Central de SP,-46.635987,-23.543311,2019-02-21 01:30:00,0.2,01:30,2019-02-21
2415,SÃO PAULO,355030833A,SP,AC Central de SP,-46.635987,-23.543311,2019-02-21 01:50:00,0.0,01:50,2019-02-21
2416,SÃO PAULO,355030833A,SP,AC Central de SP,-46.635987,-23.543311,2019-02-21 02:20:00,0.2,02:20,2019-02-21
2417,SÃO PAULO,355030833A,SP,AC Central de SP,-46.635987,-23.543311,2019-02-21 02:50:00,0.0,02:50,2019-02-21
2418,SÃO PAULO,355030833A,SP,AC Central de SP,-46.635987,-23.543311,2019-02-21 03:20:00,0.2,03:20,2019-02-21
2419,SÃO PAULO,355030833A,SP,AC Central de SP,-46.635987,-23.543311,2019-02-21 03:50:00,0.0,03:50,2019-02-21
2420,SÃO PAULO,355030833A,SP,AC Central de SP,-46.635987,-23.543311,2019-02-21 04:10:00,0.2,04:10,2019-02-21
2421,SÃO PAULO,355030833A,SP,AC Central de SP,-46.635987,-23.543311,2019-02-21 04:50:00,0.0,04:50,2019-02-21
2422,SÃO PAULO,355030833A,SP,AC Central de SP,-46.635987,-23.543311,2019-02-21 05:00:00,0.2,05:00,2019-02-21
2423,SÃO PAULO,355030833A,SP,AC Central de SP,-46.635987,-23.543311,2019-02-21 05:50:00,0.0,05:50,2019-02-21
2424,SÃO PAULO,355030833A,SP,AC Central de SP,-46.635987,-23.543311,2019-02-21 06:00:00,0.2,06:00,2019-02-21
2425,SÃO PAULO,355030833A,SP,AC Central de SP,-46.635987,-23.543311,2019-02-21 06:50:00,0.2,06:50,2019-02-21
2426,SÃO PAULO,355030833A,SP,AC Central de SP,-46.635987,-23.543311,2019-02-21 07:40:00,0.2,07:40,2019-02-21
2427,SÃO PAULO,355030833A,SP,AC Central de SP,-46.635987,-23.543311,2019-02-21 07:50:00,0.0,07:50,2019-02-21
2428,SÃO PAULO,355030833A,SP,AC Central de SP,-46.635987,-23.543311,2019-02-21 08:40:00,0.2,08:40,2019-02-21
2429,SÃO PAULO,355030833A,SP,AC Central de SP,-46.635987,-23.543311,2019-02-21 08:50:00,0.0,08:50,2019-02-21
2430,SÃO PAULO,355030833A,SP,AC Central de SP,-46.635987,-23.543311,2019-02-21 09:30:00,0.2,09:30,2019-02-21
2431,SÃO PAULO,355030833A,SP,AC Central de SP,-46.635987,-23.543311,2019-02-21 09:50:00,0.0,09:50,2019-02-21
2432,SÃO PAULO,355030833A,SP,AC Central de SP,-46.635987,-23.543311,2019-02-21 10:30:00,0.2,10:30,2019-02-21
2433,SÃO PAULO,355030833A,SP,AC Central de SP,-46.635987,-23.543311,2019-02-21 10:50:00,0.0,10:50,2019-02-21
2434,SÃO PAULO,355030833A,SP,AC Central de SP,-46.635987,-23.543311,2019-02-21 11:20:00,0.2,11:20,2019-02-21
2435,SÃO PAULO,355030833A,SP,AC Central de SP,-46.635987,-23.543311,2019-02-21 11:50:00,0.0,11:50,2019-02-21
2436,SÃO PAULO,355030833A,SP,AC Central de SP,-46.635987,-23.543311,2019-02-21 12:00:00,0.2,12:00,2019-02-21
2437,SÃO PAULO,355030833A,SP,AC Central de SP,-46.635987,-23.543311,2019-02-21 12:50:00,0.2,12:50,2019-02-21
2438,SÃO PAULO,355030833A,SP,AC Central de SP,-46.635987,-23.543311,2019-02-21 13:30:00,0.2,13:30,2019-02-21
2439,SÃO PAULO,355030833A,SP,AC Central de SP,-46.635987,-23.543311,2019-02-21 13:50:00,0.0,13:50,2019-02-21
2440,SÃO PAULO,355030833A,SP,AC Central de SP,-46.635987,-23.543311,2019-02-21 14:20:00,0.2,14:20,2019-02-21
2441,SÃO PAULO,355030833A,SP,AC Central de SP,-46.635987,-23.543311,2019-02-21 14:50:00,0.0,14:50,2019-02-21
2442,SÃO PAULO,355030833A,SP,AC Central de SP,-46.635987,-23.543311,2019-02-21 15:10:00,0.2,15:10,2019-02-21
2443,SÃO PAULO,355030833A,SP,AC Central de SP,-46.635987,-23.543311,2019-02-21 15:50:00,0.2,15:50,2019-02-21
2444,SÃO PAULO,355030833A,SP,AC Central de SP,-46.635987,-23.543311,2019-02-21 16:50:00,0.2,16:50,2019-02-21
2445,SÃO PAULO,355030833A,SP,AC Central de SP,-46.635987,-23.543311,2019-02-21 17:00:00,0.0,17:00,2019-02-21
2446,SÃO PAULO,355030833A,SP,AC Central de SP,-46.635987,-23.543311,2019-02-21 17:30:00,0.2,17:30,2019-02-21
2447,SÃO PAULO,355030833A,SP,AC Central de SP,-46.635987,-23.543311,2019-02-21 17:50:00,0.0,17:50,2019-02-21
2448,SÃO PAULO,355030833A,SP,AC Central de SP,-46.635987,-23.543311,2019-02-21 18:20:00,0.2,18:20,2019-02-21
2449,SÃO PAULO,355030833A,SP,AC Central de SP,-46.635987,-23.543311,2019-02-21 18:50:00,0.0,18:50,2019-02-21
2450,SÃO PAULO,355030833A,SP,AC Central de SP,-46.635987,-23.543311,2019-02-21 19:20:00,0.2,19:20,2019-02-21
2451,SÃO PAULO,355030833A,SP,AC Central de SP,-46.635987,-23.543311,2019-02-21 19:50:00,0.0,19:50,2019-02-21
2452,SÃO PAULO,355030833A,SP,AC Central de SP,-46.635987,-23.543311,2019-02-21 20:10:00,0.2,20:10,2019-02-21
2453,SÃO PAULO,355030833A,SP,AC Central de SP,-46.635987,-23.543311,2019-02-21 20:50:00,0.0,20:50,2019-02-21
2454,SÃO PAULO,355030833A,SP,AC Central de SP,-46.635987,-23.543311,2019-02-21 21:10:00,0.2,21:10,2019-02-21
2455,SÃO PAULO,355030833A,SP,AC Central de SP,-46.635987,-23.543311,2019-02-21 21:50:00,0.0,21:50,2019-02-21
2456,SÃO PAULO,355030833A,SP,AC Central de SP,-46.635987,-23.543311,2019-02-21 22:10:00,0.2,22:10,2019-02-21
2457,SÃO PAULO,355030833A,SP,AC Central de SP,-46.635987,-23.543311,2019-02-21 22:50:00,0.0,22:50,2019-02-21
2458,SÃO PAULO,355030833A,SP,AC Central de SP,-46.635987,-23.543311,2019-02-21 23:00:00,0.2,23:00,2019-02-21
2459,SÃO PAULO,355030833A,SP,AC Central de SP,-46.635987,-23.543311,2019-02-21 23:50:00,0.0,23:50,2019-02-21
2460,SÃO PAULO,355030833A,SP,AC Central de SP,-46.635987,-23.543311,2019-02-22 00:00:00,0.2,00:00,2019-02-22
2461,SÃO PAULO,355030833A,SP,AC Central de SP,-46.635987,-23.543311,2019-02-22 00:50:00,0.2,00:50,2019-02-22
2462,SÃO PAULO,355030833A,SP,AC Central de SP,-46.635987,-23.543311,2019-02-22 01:50:00,0.2,01:50,2019-02-22
2463,SÃO PAULO,355030833A,SP,AC Central de SP,-46.635987,-23.543311,2019-02-22 02:40:00,0.2,02:40,2019-02-22
2464,SÃO PAULO,355030833A,SP,AC Central de SP,-46.635987,-23.543311,2019-02-22 02:50:00,0.0,02:50,2019-02-22
2465,SÃO PAULO,355030833A,SP,AC Central de SP,-46.635987,-23.543311,2019-02-22 03:40:00,0.2,03:40,2019-02-22
2466,SÃO PAULO,355030833A,SP,AC Central de SP,-46.635987,-23.543311,2019-02-22 03:50:00,0.0,03:50,2019-02-22
2467,SÃO PAULO,355030833A,SP,AC Central de SP,-46.635987,-23.543311,2019-02-22 04:30:00,0.2,04:30,2019-02-22
2468,SÃO PAULO,355030833A,SP,AC Central de SP,-46.635987,-23.543311,2019-02-22 05:30:00,0.2,05:30,2019-02-22
2469,SÃO PAULO,355030833A,SP,AC Central de SP,-46.635987,-23.543311,2019-02-22 05:50:00,0.0,05:50,2019-02-22
2470,SÃO PAULO,355030833A,SP,AC Central de SP,-46.635987,-23.543311,2019-02-22 06:30:00,0.2,06:30,2019-02-22
2471,SÃO PAULO,355030833A,SP,AC Central de SP,-46.635987,-23.543311,2019-02-22 06:50:00,0.0,06:50,2019-02-22
2472,SÃO PAULO,355030833A,SP,AC Central de SP,-46.635987,-23.543311,2019-02-22 07:30:00,0.2,07:30,2019-02-22
2473,SÃO PAULO,355030833A,SP,AC Central de SP,-46.635987,-23.543311,2019-02-22 07:50:00,0.0,07:50,2019-02-22
2474,SÃO PAULO,355030833A,SP,AC Central de SP,-46.635987,-23.543311,2019-02-22 08:20:00,0.2,08:20,2019-02-22
2475,SÃO PAULO,355030833A,SP,AC Central de SP,-46.635987,-23.543311,2019-02-22 08:50:00,0.0,08:50,2019-02-22
2476,SÃO PAULO,355030833A,SP,AC Central de SP,-46.635987,-23.543311,2019-02-22 09:20:00,0.2,09:20,2019-02-22
2477,SÃO PAULO,355030833A,SP,AC Central de SP,-46.635987,-23.543311,2019-02-22 09:50:00,0.0,09:50,2019-02-22
2478,SÃO PAULO,355030833A,SP,AC Central de SP,-46.635987,-23.543311,2019-02-22 10:20:00,0.2,10:20,2019-02-22
2479,SÃO PAULO,355030833A,SP,AC Central de SP,-46.635987,-23.543311,2019-02-22 10:50:00,0.0,10:50,2019-02-22
2480,SÃO PAULO,355030833A,SP,AC Central de SP,-46.635987,-23.543311,2019-02-22 11:10:00,0.2,11:10,2019-02-22
2481,SÃO PAULO,355030833A,SP,AC Central de SP,-46.635987,-23.543311,2019-02-22 11:50:00,0.0,11:50,2019-02-22
2482,SÃO PAULO,355030833A,SP,AC Central de SP,-46.635987,-23.543311,2019-02-22 12:00:00,0.2,12:00,2019-02-22
2483,SÃO PAULO,355030833A,SP,AC Central de SP,-46.635987,-23.543311,2019-02-22 12:50:00,0.2,12:50,2019-02-22
2484,SÃO PAULO,355030833A,SP,AC Central de SP,-46.635987,-23.543311,2019-02-22 13:00:00,0.0,13:00,2019-02-22
2485,SÃO PAULO,355030833A,SP,AC Central de SP,-46.635987,-23.543311,2019-02-22 13:30:00,0.2,13:30,2019-02-22
2486,SÃO PAULO,355030833A,SP,AC Central de SP,-46.635987,-23.543311,2019-02-22 13:50:00,0.0,13:50,2019-02-22
2487,SÃO PAULO,355030833A,SP,AC Central de SP,-46.635987,-23.543311,2019-02-22 14:10:00,0.2,14:10,2019-02-22
2488,SÃO PAULO,355030833A,SP,AC Central de SP,-46.635987,-23.543311,2019-02-22 14:50:00,0.0,14:50,2019-02-22
2489,SÃO PAULO,355030833A,SP,AC Central de SP,-46.635987,-23.543311,2019-02-22 15:00:00,0.2,15:00,2019-02-22
2490,SÃO PAULO,355030833A,SP,AC Central de SP,-46.635987,-23.543311,2019-02-22 15:40:00,0.2,15:40,2019-02-22
2491,SÃO PAULO,355030833A,SP,AC Central de SP,-46.635987,-23.543311,2019-02-22 15:50:00,0.0,15:50,2019-02-22
2492,SÃO PAULO,355030833A,SP,AC Central de SP,-46.635987,-23.543311,2019-02-22 16:30:00,0.2,16:30,2019-02-22
2493,SÃO PAULO,355030833A,SP,AC Central de SP,-46.635987,-23.543311,2019-02-22 16:50:00,0.0,16:50,2019-02-22
2494,SÃO PAULO,355030833A,SP,AC Central de SP,-46.635987,-23.543311,2019-02-22 17:10:00,0.2,17:10,2019-02-22
2495,SÃO PAULO,355030833A,SP,AC Central de SP,-46.635987,-23.543311,2019-02-22 17:50:00,0.0,17:50,2019-02-22
2496,SÃO PAULO,355030833A,SP,AC Central de SP,-46.635987,-23.543311,2019-02-22 18:00:00,0.2,18:00,2019-02-22
2497,SÃO PAULO,355030833A,SP,AC Central de SP,-46.635987,-23.543311,2019-02-22 18:50:00,0.2,18:50,2019-02-22
2498,SÃO PAULO,355030833A,SP,AC Central de SP,-46.635987,-23.543311,2019-02-22 19:40:00,0.2,19:40,2019-02-22
2499,SÃO PAULO,355030833A,SP,AC Central de SP,-46.635987,-23.543311,2019-02-22 19:50:00,0.0,19:50,2019-02-22
2500,SÃO PAULO,355030833A,SP,AC Central de SP,-46.635987,-23.543311,2019-02-22 20:30:00,0.2,20:30,2019-02-22
2501,SÃO PAULO,355030833A,SP,AC Central de SP,-46.635987,-23.543311,2019-02-22 20:50:00,0.0,20:50,2019-02-22
2502,SÃO PAULO,355030833A,SP,AC Central de SP,-46.635987,-23.543311,2019-02-22 21:30:00,0.2,21:30,2019-02-22
2503,SÃO PAULO,355030833A,SP,AC Central de SP,-46.635987,-23.543311,2019-02-22 21:50:00,0.0,21:50,2019-02-22
2504,SÃO PAULO,355030833A,SP,AC Central de SP,-46.635987,-23.543311,2019-02-22 22:20:00,0.2,22:20,2019-02-22
2505,SÃO PAULO,355030833A,SP,AC Central de SP,-46.635987,-23.543311,2019-02-22 22:50:00,0.0,22:50,2019-02-22
2506,SÃO PAULO,355030833A,SP,AC Central de SP,-46.635987,-23.543311,2019-02-22 23:20:00,0.2,23:20,2019-02-22
2507,SÃO PAULO,355030833A,SP,AC Central de SP,-46.635987,-23.543311,2019-02-22 23:50:00,0.0,23:50,2019-02-22
2508,SÃO PAULO,355030833A,SP,AC Central de SP,-46.635987,-23.543311,2019-02-23 00:20:00,0.2,00:20,2019-02-23
2509,SÃO PAULO,355030833A,SP,AC Central de SP,-46.635987,-23.543311,2019-02-23 00:50:00,0.0,00:50,2019-02-23
2510,SÃO PAULO,355030833A,SP,AC Central de SP,-46.635987,-23.543311,2019-02-23 01:20:00,0.2,01:20,2019-02-23
2511,SÃO PAULO,355030833A,SP,AC Central de SP,-46.635987,-23.543311,2019-02-23 01:50:00,0.0,01:50,2019-02-23
2512,SÃO PAULO,355030833A,SP,AC Central de SP,-46.635987,-23.543311,2019-02-23 02:20:00,0.2,02:20,2019-02-23
2513,SÃO PAULO,355030833A,SP,AC Central de SP,-46.635987,-23.543311,2019-02-23 02:50:00,0.0,02:50,2019-02-23
2514,SÃO PAULO,355030833A,SP,AC Central de SP,-46.635987,-23.543311,2019-02-23 03:20:00,0.2,03:20,2019-02-23
2515,SÃO PAULO,355030833A,SP,AC Central de SP,-46.635987,-23.543311,2019-02-23 03:50:00,0.0,03:50,2019-02-23
2516,SÃO PAULO,355030833A,SP,AC Central de SP,-46.635987,-23.543311,2019-02-23 04:20:00,0.2,04:20,2019-02-23
2517,SÃO PAULO,355030833A,SP,AC Central de SP,-46.635987,-23.543311,2019-02-23 04:50:00,0.0,04:50,2019-02-23
2518,SÃO PAULO,355030833A,SP,AC Central de SP,-46.635987,-23.543311,2019-02-23 05:20:00,0.2,05:20,2019-02-23
2519,SÃO PAULO,355030833A,SP,AC Central de SP,-46.635987,-23.543311,2019-02-23 05:50:00,0.0,05:50,2019-02-23
2520,SÃO PAULO,355030833A,SP,AC Central de SP,-46.635987,-23.543311,2019-02-23 06:20:00,0.2,06:20,2019-02-23
2521,SÃO PAULO,355030833A,SP,AC Central de SP,-46.635987,-23.543311,2019-02-23 06:50:00,0.0,06:50,2019-02-23
2522,SÃO PAULO,355030833A,SP,AC Central de SP,-46.635987,-23.543311,2019-02-23 07:30:00,0.2,07:30,2019-02-23
2523,SÃO PAULO,355030833A,SP,AC Central de SP,-46.635987,-23.543311,2019-02-23 07:50:00,0.0,07:50,2019-02-23
2524,SÃO PAULO,355030833A,SP,AC Central de SP,-46.635987,-23.543311,2019-02-23 08:30:00,0.2,08:30,2019-02-23
2525,SÃO PAULO,355030833A,SP,AC Central de SP,-46.635987,-23.543311,2019-02-23 08:50:00,0.0,08:50,2019-02-23
2526,SÃO PAULO,355030833A,SP,AC Central de SP,-46.635987,-23.543311,2019-02-23 09:30:00,0.2,09:30,2019-02-23
2527,SÃO PAULO,355030833A,SP,AC Central de SP,-46.635987,-23.543311,2019-02-23 09:50:00,0.0,09:50,2019-02-23
2528,SÃO PAULO,355030833A,SP,AC Central de SP,-46.635987,-23.543311,2019-02-23 10:30:00,0.2,10:30,2019-02-23
2529,SÃO PAULO,355030833A,SP,AC Central de SP,-46.635987,-23.543311,2019-02-23 10:50:00,0.0,10:50,2019-02-23
2530,SÃO PAULO,355030833A,SP,AC Central de SP,-46.635987,-23.543311,2019-02-23 11:30:00,0.2,11:30,2019-02-23
2531,SÃO PAULO,355030833A,SP,AC Central de SP,-46.635987,-23.543311,2019-02-23 11:50:00,0.0,11:50,2019-02-23
2532,SÃO PAULO,355030833A,SP,AC Central de SP,-46.635987,-23.543311,2019-02-23 12:20:00,0.2,12:20,2019-02-23
2533,SÃO PAULO,355030833A,SP,AC Central de SP,-46.635987,-23.543311,2019-02-23 12:50:00,0.0,12:50,2019-02-23
2534,SÃO PAULO,355030833A,SP,AC Central de SP,-46.635987,-23.543311,2019-02-23 13:00:00,0.2,13:00,2019-02-23
2535,SÃO PAULO,355030833A,SP,AC Central de SP,-46.635987,-23.543311,2019-02-23 13:50:00,0.2,13:50,2019-02-23
2536,SÃO PAULO,355030833A,SP,AC Central de SP,-46.635987,-23.543311,2019-02-23 14:30:00,0.2,14:30,2019-02-23
2537,SÃO PAULO,355030833A,SP,AC Central de SP,-46.635987,-23.543311,2019-02-23 14:50:00,0.0,14:50,2019-02-23
2538,SÃO PAULO,355030833A,SP,AC Central de SP,-46.635987,-23.543311,2019-02-23 15:20:00,0.2,15:20,2019-02-23
2539,SÃO PAULO,355030833A,SP,AC Central de SP,-46.635987,-23.543311,2019-02-23 15:50:00,0.0,15:50,2019-02-23
2540,SÃO PAULO,355030833A,SP,AC Central de SP,-46.635987,-23.543311,2019-02-23 16:10:00,0.2,16:10,2019-02-23
2541,SÃO PAULO,355030833A,SP,AC Central de SP,-46.635987,-23.543311,2019-02-23 16:50:00,0.0,16:50,2019-02-23
2542,SÃO PAULO,355030833A,SP,AC Central de SP,-46.635987,-23.543311,2019-02-23 17:00:00,0.2,17:00,2019-02-23
2543,SÃO PAULO,355030833A,SP,AC Central de SP,-46.635987,-23.543311,2019-02-23 17:50:00,0.2,17:50,2019-02-23
2544,SÃO PAULO,355030833A,SP,AC Central de SP,-46.635987,-23.543311,2019-02-23 18:40:00,0.2,18:40,2019-02-23
2545,SÃO PAULO,355030833A,SP,AC Central de SP,-46.635987,-23.543311,2019-02-23 19:30:00,0.2,19:30,2019-02-23
2546,SÃO PAULO,355030833A,SP,AC Central de SP,-46.635987,-23.543311,2019-02-23 19:50:00,0.0,19:50,2019-02-23
2547,SÃO PAULO,355030833A,SP,AC Central de SP,-46.635987,-23.543311,2019-02-23 20:20:00,0.2,20:20,2019-02-23
2548,SÃO PAULO,355030833A,SP,AC Central de SP,-46.635987,-23.543311,2019-02-23 21:10:00,0.2,21:10,2019-02-23
2549,SÃO PAULO,355030833A,SP,AC Central de SP,-46.635987,-23.543311,2019-02-23 22:00:00,0.2,22:00,2019-02-23
2550,SÃO PAULO,355030833A,SP,AC Central de SP,-46.635987,-23.543311,2019-02-23 23:10:00,0.2,23:10,2019-02-23
2551,SÃO PAULO,355030833A,SP,AC Central de SP,-46.635987,-23.543311,2019-02-24 00:10:00,0.2,00:10,2019-02-24
2552,SÃO PAULO,355030833A,SP,AC Central de SP,-46.635987,-23.543311,2019-02-24 01:10:00,0.2,01:10,2019-02-24
2553,SÃO PAULO,355030833A,SP,AC Central de SP,-46.635987,-23.543311,2019-02-24 02:20:00,0.2,02:20,2019-02-24
2554,SÃO PAULO,355030833A,SP,AC Central de SP,-46.635987,-23.543311,2019-02-24 03:20:00,0.2,03:20,2019-02-24
2555,SÃO PAULO,355030833A,SP,AC Central de SP,-46.635987,-23.543311,2019-02-24 03:50:00,0.0,03:50,2019-02-24
2556,SÃO PAULO,355030833A,SP,AC Central de SP,-46.635987,-23.543311,2019-02-24 04:30:00,0.2,04:30,2019-02-24
2557,SÃO PAULO,355030833A,SP,AC Central de SP,-46.635987,-23.543311,2019-02-24 04:50:00,0.0,04:50,2019-02-24
2558,SÃO PAULO,355030833A,SP,AC Central de SP,-46.635987,-23.543311,2019-02-24 05:30:00,0.2,05:30,2019-02-24
2559,SÃO PAULO,355030833A,SP,AC Central de SP,-46.635987,-23.543311,2019-02-24 05:50:00,0.0,05:50,2019-02-24
2560,SÃO PAULO,355030833A,SP,AC Central de SP,-46.635987,-23.543311,2019-02-24 06:40:00,0.2,06:40,2019-02-24
2561,SÃO PAULO,355030833A,SP,AC Central de SP,-46.635987,-23.543311,2019-02-24 06:50:00,0.0,06:50,2019-02-24
2562,SÃO PAULO,355030833A,SP,AC Central de SP,-46.635987,-23.543311,2019-02-24 07:50:00,0.2,07:50,2019-02-24
2563,SÃO PAULO,355030833A,SP,AC Central de SP,-46.635987,-23.543311,2019-02-24 08:50:00,0.2,08:50,2019-02-24
2564,SÃO PAULO,355030833A,SP,AC Central de SP,-46.635987,-23.543311,2019-02-24 09:50:00,0.0,09:50,2019-02-24
2565,SÃO PAULO,355030833A,SP,AC Central de SP,-46.635987,-23.543311,2019-02-24 10:00:00,0.2,10:00,2019-02-24
2566,SÃO PAULO,355030833A,SP,AC Central de SP,-46.635987,-23.543311,2019-02-24 10:50:00,0.2,10:50,2019-02-24
2567,SÃO PAULO,355030833A,SP,AC Central de SP,-46.635987,-23.543311,2019-02-24 11:40:00,0.2,11:40,2019-02-24
2568,SÃO PAULO,355030833A,SP,AC Central de SP,-46.635987,-23.543311,2019-02-24 11:50:00,0.0,11:50,2019-02-24
2569,SÃO PAULO,355030833A,SP,AC Central de SP,-46.635987,-23.543311,2019-02-24 12:30:00,0.2,12:30,2019-02-24
2570,SÃO PAULO,355030833A,SP,AC Central de SP,-46.635987,-23.543311,2019-02-24 12:50:00,0.0,12:50,2019-02-24
2571,SÃO PAULO,355030833A,SP,AC Central de SP,-46.635987,-23.543311,2019-02-24 13:10:00,0.2,13:10,2019-02-24
2572,SÃO PAULO,355030833A,SP,AC Central de SP,-46.635987,-23.543311,2019-02-24 13:50:00,0.2,13:50,2019-02-24
2573,SÃO PAULO,355030833A,SP,AC Central de SP,-46.635987,-23.543311,2019-02-24 14:30:00,0.2,14:30,2019-02-24
2574,SÃO PAULO,355030833A,SP,AC Central de SP,-46.635987,-23.543311,2019-02-24 14:50:00,0.0,14:50,2019-02-24
2575,SÃO PAULO,355030833A,SP,AC Central de SP,-46.635987,-23.543311,2019-02-24 15:20:00,0.2,15:20,2019-02-24
2576,SÃO PAULO,355030833A,SP,AC Central de SP,-46.635987,-23.543311,2019-02-24 15:50:00,0.0,15:50,2019-02-24
2577,SÃO PAULO,355030833A,SP,AC Central de SP,-46.635987,-23.543311,2019-02-24 16:10:00,0.2,16:10,2019-02-24
2578,SÃO PAULO,355030833A,SP,AC Central de SP,-46.635987,-23.543311,2019-02-24 16:50:00,0.0,16:50,2019-02-24
2579,SÃO PAULO,355030833A,SP,AC Central de SP,-46.635987,-23.543311,2019-02-24 17:00:00,0.2,17:00,2019-02-24
2580,SÃO PAULO,355030833A,SP,AC Central de SP,-46.635987,-23.543311,2019-02-24 17:40:00,0.2,17:40,2019-02-24
2581,SÃO PAULO,355030833A,SP,AC Central de SP,-46.635987,-23.543311,2019-02-24 17:50:00,0.0,17:50,2019-02-24
2582,SÃO PAULO,355030833A,SP,AC Central de SP,-46.635987,-23.543311,2019-02-24 18:20:00,0.2,18:20,2019-02-24
2583,SÃO PAULO,355030833A,SP,AC Central de SP,-46.635987,-23.543311,2019-02-24 18:50:00,0.0,18:50,2019-02-24
2584,SÃO PAULO,355030833A,SP,AC Central de SP,-46.635987,-23.543311,2019-02-24 19:00:00,0.2,19:00,2019-02-24
2585,SÃO PAULO,355030833A,SP,AC Central de SP,-46.635987,-23.543311,2019-02-24 19:40:00,0.2,19:40,2019-02-24
2586,SÃO PAULO,355030833A,SP,AC Central de SP,-46.635987,-23.543311,2019-02-24 19:50:00,0.0,19:50,2019-02-24
2587,SÃO PAULO,355030833A,SP,AC Central de SP,-46.635987,-23.543311,2019-02-24 20:30:00,0.2,20:30,2019-02-24
2588,SÃO PAULO,355030833A,SP,AC Central de SP,-46.635987,-23.543311,2019-02-24 20:50:00,0.0,20:50,2019-02-24
2589,SÃO PAULO,355030833A,SP,AC Central de SP,-46.635987,-23.543311,2019-02-24 21:20:00,0.2,21:20,2019-02-24
2590,SÃO PAULO,355030833A,SP,AC Central de SP,-46.635987,-23.543311,2019-02-24 21:50:00,0.0,21:50,2019-02-24
2591,SÃO PAULO,355030833A,SP,AC Central de SP,-46.635987,-23.543311,2019-02-24 22:20:00,0.2,22:20,2019-02-24
2592,SÃO PAULO,355030833A,SP,AC Central de SP,-46.635987,-23.543311,2019-02-24 22:50:00,0.0,22:50,2019-02-24
2593,SÃO PAULO,355030833A,SP,AC Central de SP,-46.635987,-23.543311,2019-02-24 23:30:00,0.2,23:30,2019-02-24
2594,SÃO PAULO,355030833A,SP,AC Central de SP,-46.635987,-23.543311,2019-02-24 23:50:00,0.0,23:50,2019-02-24
2595,SÃO PAULO,355030833A,SP,AC Central de SP,-46.635987,-23.543311,2019-02-25 00:50:00,0.2,00:50,2019-02-25
2596,SÃO PAULO,355030833A,SP,AC Central de SP,-46.635987,-23.543311,2019-02-25 01:50:00,0.0,01:50,2019-02-25
2597,SÃO PAULO,355030833A,SP,AC Central de SP,-46.635987,-23.543311,2019-02-25 02:00:00,0.2,02:00,2019-02-25
2598,SÃO PAULO,355030833A,SP,AC Central de SP,-46.635987,-23.543311,2019-02-25 02:50:00,0.0,02:50,2019-02-25
2599,SÃO PAULO,355030833A,SP,AC Central de SP,-46.635987,-23.543311,2019-02-25 03:00:00,0.2,03:00,2019-02-25
2600,SÃO PAULO,355030833A,SP,AC Central de SP,-46.635987,-23.543311,2019-02-25 03:50:00,0.0,03:50,2019-02-25
2601,SÃO PAULO,355030833A,SP,AC Central de SP,-46.635987,-23.543311,2019-02-25 04:10:00,0.2,04:10,2019-02-25
2602,SÃO PAULO,355030833A,SP,AC Central de SP,-46.635987,-23.543311,2019-02-25 04:50:00,0.0,04:50,2019-02-25
2603,SÃO PAULO,355030833A,SP,AC Central de SP,-46.635987,-23.543311,2019-02-25 05:20:00,0.2,05:20,2019-02-25
2604,SÃO PAULO,355030833A,SP,AC Central de SP,-46.635987,-23.543311,2019-02-25 05:50:00,0.0,05:50,2019-02-25
2605,SÃO PAULO,355030833A,SP,AC Central de SP,-46.635987,-23.543311,2019-02-25 06:30:00,0.2,06:30,2019-02-25
2606,SÃO PAULO,355030833A,SP,AC Central de SP,-46.635987,-23.543311,2019-02-25 06:50:00,0.0,06:50,2019-02-25
2607,SÃO PAULO,355030833A,SP,AC Central de SP,-46.635987,-23.543311,2019-02-25 07:40:00,0.2,07:40,2019-02-25
2608,SÃO PAULO,355030833A,SP,AC Central de SP,-46.635987,-23.543311,2019-02-25 07:50:00,0.0,07:50,2019-02-25
2609,SÃO PAULO,355030833A,SP,AC Central de SP,-46.635987,-23.543311,2019-02-25 08:50:00,0.2,08:50,2019-02-25
2610,SÃO PAULO,355030833A,SP,AC Central de SP,-46.635987,-23.543311,2019-02-25 09:50:00,0.0,09:50,2019-02-25
2611,SÃO PAULO,355030833A,SP,AC Central de SP,-46.635987,-23.543311,2019-02-25 10:00:00,0.2,10:00,2019-02-25
2612,SÃO PAULO,355030833A,SP,AC Central de SP,-46.635987,-23.543311,2019-02-25 10:50:00,0.0,10:50,2019-02-25
2613,SÃO PAULO,355030833A,SP,AC Central de SP,-46.635987,-23.543311,2019-02-25 11:10:00,0.2,11:10,2019-02-25
2614,SÃO PAULO,355030833A,SP,AC Central de SP,-46.635987,-23.543311,2019-02-25 11:50:00,0.0,11:50,2019-02-25
2615,SÃO PAULO,355030833A,SP,AC Central de SP,-46.635987,-23.543311,2019-02-25 12:20:00,0.2,12:20,2019-02-25
2616,SÃO PAULO,355030833A,SP,AC Central de SP,-46.635987,-23.543311,2019-02-25 12:50:00,0.0,12:50,2019-02-25
2617,SÃO PAULO,355030833A,SP,AC Central de SP,-46.635987,-23.543311,2019-02-25 13:10:00,0.2,13:10,2019-02-25
2618,SÃO PAULO,355030833A,SP,AC Central de SP,-46.635987,-23.543311,2019-02-25 13:50:00,0.0,13:50,2019-02-25
2619,SÃO PAULO,355030833A,SP,AC Central de SP,-46.635987,-23.543311,2019-02-25 14:10:00,0.2,14:10,2019-02-25
2620,SÃO PAULO,355030833A,SP,AC Central de SP,-46.635987,-23.543311,2019-02-25 14:50:00,0.0,14:50,2019-02-25
2621,SÃO PAULO,355030833A,SP,AC Central de SP,-46.635987,-23.543311,2019-02-25 15:00:00,0.2,15:00,2019-02-25
2622,SÃO PAULO,355030833A,SP,AC Central de SP,-46.635987,-23.543311,2019-02-25 15:50:00,0.0,15:50,2019-02-25
2623,SÃO PAULO,355030833A,SP,AC Central de SP,-46.635987,-23.543311,2019-02-25 16:00:00,0.2,16:00,2019-02-25
2624,SÃO PAULO,355030833A,SP,AC Central de SP,-46.635987,-23.543311,2019-02-25 16:50:00,0.2,16:50,2019-02-25
2625,SÃO PAULO,355030833A,SP,AC Central de SP,-46.635987,-23.543311,2019-02-25 17:50:00,0.2,17:50,2019-02-25
2626,SÃO PAULO,355030833A,SP,AC Central de SP,-46.635987,-23.543311,2019-02-25 18:50:00,0.2,18:50,2019-02-25
2627,SÃO PAULO,355030833A,SP,AC Central de SP,-46.635987,-23.543311,2019-02-25 19:50:00,0.2,19:50,2019-02-25
2628,SÃO PAULO,355030833A,SP,AC Central de SP,-46.635987,-23.543311,2019-02-25 20:50:00,0.0,20:50,2019-02-25
2629,SÃO PAULO,355030833A,SP,AC Central de SP,-46.635987,-23.543311,2019-02-25 21:00:00,0.2,21:00,2019-02-25
2630,SÃO PAULO,355030833A,SP,AC Central de SP,-46.635987,-23.543311,2019-02-25 21:50:00,0.0,21:50,2019-02-25
2631,SÃO PAULO,355030833A,SP,AC Central de SP,-46.635987,-23.543311,2019-02-25 22:10:00,0.2,22:10,2019-02-25
2632,SÃO PAULO,355030833A,SP,AC Central de SP,-46.635987,-23.543311,2019-02-25 22:50:00,0.0,22:50,2019-02-25
2633,SÃO PAULO,355030833A,SP,AC Central de SP,-46.635987,-23.543311,2019-02-25 23:20:00,0.2,23:20,2019-02-25
2634,SÃO PAULO,355030833A,SP,AC Central de SP,-46.635987,-23.543311,2019-02-25 23:50:00,0.0,23:50,2019-02-25
2635,SÃO PAULO,355030833A,SP,AC Central de SP,-46.635987,-23.543311,2019-02-26 00:40:00,0.2,00:40,2019-02-26
2636,SÃO PAULO,355030833A,SP,AC Central de SP,-46.635987,-23.543311,2019-02-26 00:50:00,0.0,00:50,2019-02-26
2637,SÃO PAULO,355030833A,SP,AC Central de SP,-46.635987,-23.543311,2019-02-26 01:50:00,0.0,01:50,2019-02-26
2638,SÃO PAULO,355030833A,SP,AC Central de SP,-46.635987,-23.543311,2019-02-26 02:00:00,0.2,02:00,2019-02-26
2639,SÃO PAULO,355030833A,SP,AC Central de SP,-46.635987,-23.543311,2019-02-26 02:50:00,0.0,02:50,2019-02-26
2640,SÃO PAULO,355030833A,SP,AC Central de SP,-46.635987,-23.543311,2019-02-26 03:20:00,0.2,03:20,2019-02-26
2641,SÃO PAULO,355030833A,SP,AC Central de SP,-46.635987,-23.543311,2019-02-26 03:50:00,0.0,03:50,2019-02-26
2642,SÃO PAULO,355030833A,SP,AC Central de SP,-46.635987,-23.543311,2019-02-26 04:30:00,0.2,04:30,2019-02-26
2643,SÃO PAULO,355030833A,SP,AC Central de SP,-46.635987,-23.543311,2019-02-26 04:50:00,0.0,04:50,2019-02-26
2644,SÃO PAULO,355030833A,SP,AC Central de SP,-46.635987,-23.543311,2019-02-26 05:40:00,0.2,05:40,2019-02-26
2645,SÃO PAULO,355030833A,SP,AC Central de SP,-46.635987,-23.543311,2019-02-26 05:50:00,0.0,05:50,2019-02-26
2646,SÃO PAULO,355030833A,SP,AC Central de SP,-46.635987,-23.543311,2019-02-26 06:50:00,0.2,06:50,2019-02-26
2647,SÃO PAULO,355030833A,SP,AC Central de SP,-46.635987,-23.543311,2019-02-26 07:50:00,0.0,07:50,2019-02-26
2648,SÃO PAULO,355030833A,SP,AC Central de SP,-46.635987,-23.543311,2019-02-26 08:00:00,0.2,08:00,2019-02-26
2649,SÃO PAULO,355030833A,SP,AC Central de SP,-46.635987,-23.543311,2019-02-26 08:50:00,0.0,08:50,2019-02-26
2650,SÃO PAULO,355030833A,SP,AC Central de SP,-46.635987,-23.543311,2019-02-26 09:10:00,0.2,09:10,2019-02-26
2651,SÃO PAULO,355030833A,SP,AC Central de SP,-46.635987,-23.543311,2019-02-26 09:50:00,0.0,09:50,2019-02-26
2652,SÃO PAULO,355030833A,SP,AC Central de SP,-46.635987,-23.543311,2019-02-26 10:20:00,0.2,10:20,2019-02-26
2653,SÃO PAULO,355030833A,SP,AC Central de SP,-46.635987,-23.543311,2019-02-26 10:50:00,0.0,10:50,2019-02-26
2654,SÃO PAULO,355030833A,SP,AC Central de SP,-46.635987,-23.543311,2019-02-26 11:30:00,0.2,11:30,2019-02-26
2655,SÃO PAULO,355030833A,SP,AC Central de SP,-46.635987,-23.543311,2019-02-26 11:50:00,0.0,11:50,2019-02-26
2656,SÃO PAULO,355030833A,SP,AC Central de SP,-46.635987,-23.543311,2019-02-26 12:40:00,0.2,12:40,2019-02-26
2657,SÃO PAULO,355030833A,SP,AC Central de SP,-46.635987,-23.543311,2019-02-26 13:40:00,0.2,13:40,2019-02-26
2658,SÃO PAULO,355030833A,SP,AC Central de SP,-46.635987,-23.543311,2019-02-26 13:50:00,0.0,13:50,2019-02-26
2659,SÃO PAULO,355030833A,SP,AC Central de SP,-46.635987,-23.543311,2019-02-26 14:30:00,0.2,14:30,2019-02-26
2660,SÃO PAULO,355030833A,SP,AC Central de SP,-46.635987,-23.543311,2019-02-26 14:50:00,0.0,14:50,2019-02-26
2661,SÃO PAULO,355030833A,SP,AC Central de SP,-46.635987,-23.543311,2019-02-26 15:20:00,0.2,15:20,2019-02-26
2662,SÃO PAULO,355030833A,SP,AC Central de SP,-46.635987,-23.543311,2019-02-26 15:50:00,0.0,15:50,2019-02-26
2663,SÃO PAULO,355030833A,SP,AC Central de SP,-46.635987,-23.543311,2019-02-26 16:20:00,0.2,16:20,2019-02-26
2664,SÃO PAULO,355030833A,SP,AC Central de SP,-46.635987,-23.543311,2019-02-26 16:50:00,0.0,16:50,2019-02-26
2665,SÃO PAULO,355030833A,SP,AC Central de SP,-46.635987,-23.543311,2019-02-26 17:10:00,0.2,17:10,2019-02-26
2666,SÃO PAULO,355030833A,SP,AC Central de SP,-46.635987,-23.543311,2019-02-26 17:50:00,0.0,17:50,2019-02-26
2667,SÃO PAULO,355030833A,SP,AC Central de SP,-46.635987,-23.543311,2019-02-26 18:20:00,0.2,18:20,2019-02-26
2668,SÃO PAULO,355030833A,SP,AC Central de SP,-46.635987,-23.543311,2019-02-26 18:50:00,0.0,18:50,2019-02-26
2669,SÃO PAULO,355030833A,SP,AC Central de SP,-46.635987,-23.543311,2019-02-26 19:20:00,0.2,19:20,2019-02-26
2670,SÃO PAULO,355030833A,SP,AC Central de SP,-46.635987,-23.543311,2019-02-26 19:50:00,0.0,19:50,2019-02-26
2671,SÃO PAULO,355030833A,SP,AC Central de SP,-46.635987,-23.543311,2019-02-26 20:20:00,0.2,20:20,2019-02-26
2672,SÃO PAULO,355030833A,SP,AC Central de SP,-46.635987,-23.543311,2019-02-26 20:50:00,0.0,20:50,2019-02-26
2673,SÃO PAULO,355030833A,SP,AC Central de SP,-46.635987,-23.543311,2019-02-26 21:20:00,0.2,21:20,2019-02-26
2674,SÃO PAULO,355030833A,SP,AC Central de SP,-46.635987,-23.543311,2019-02-26 21:50:00,0.0,21:50,2019-02-26
2675,SÃO PAULO,355030833A,SP,AC Central de SP,-46.635987,-23.543311,2019-02-26 22:30:00,0.2,22:30,2019-02-26
2676,SÃO PAULO,355030833A,SP,AC Central de SP,-46.635987,-23.543311,2019-02-26 22:50:00,0.0,22:50,2019-02-26
2677,SÃO PAULO,355030833A,SP,AC Central de SP,-46.635987,-23.543311,2019-02-26 23:30:00,0.2,23:30,2019-02-26
2678,SÃO PAULO,355030833A,SP,AC Central de SP,-46.635987,-23.543311,2019-02-26 23:50:00,0.0,23:50,2019-02-26
2679,SÃO PAULO,355030833A,SP,AC Central de SP,-46.635987,-23.543311,2019-02-27 00:30:00,0.2,00:30,2019-02-27
2680,SÃO PAULO,355030833A,SP,AC Central de SP,-46.635987,-23.543311,2019-02-27 00:50:00,0.0,00:50,2019-02-27
2681,SÃO PAULO,355030833A,SP,AC Central de SP,-46.635987,-23.543311,2019-02-27 01:40:00,0.2,01:40,2019-02-27
2682,SÃO PAULO,355030833A,SP,AC Central de SP,-46.635987,-23.543311,2019-02-27 01:50:00,0.0,01:50,2019-02-27
2683,SÃO PAULO,355030833A,SP,AC Central de SP,-46.635987,-23.543311,2019-02-27 02:50:00,0.2,02:50,2019-02-27
2684,SÃO PAULO,355030833A,SP,AC Central de SP,-46.635987,-23.543311,2019-02-27 03:50:00,0.2,03:50,2019-02-27
2685,SÃO PAULO,355030833A,SP,AC Central de SP,-46.635987,-23.543311,2019-02-27 04:50:00,0.0,04:50,2019-02-27
2686,SÃO PAULO,355030833A,SP,AC Central de SP,-46.635987,-23.543311,2019-02-27 05:00:00,0.2,05:00,2019-02-27
2687,SÃO PAULO,355030833A,SP,AC Central de SP,-46.635987,-23.543311,2019-02-27 05:50:00,0.0,05:50,2019-02-27
2688,SÃO PAULO,355030833A,SP,AC Central de SP,-46.635987,-23.543311,2019-02-27 06:00:00,0.2,06:00,2019-02-27
2689,SÃO PAULO,355030833A,SP,AC Central de SP,-46.635987,-23.543311,2019-02-27 06:50:00,0.0,06:50,2019-02-27
2690,SÃO PAULO,355030833A,SP,AC Central de SP,-46.635987,-23.543311,2019-02-27 07:10:00,0.2,07:10,2019-02-27
2691,SÃO PAULO,355030833A,SP,AC Central de SP,-46.635987,-23.543311,2019-02-27 07:50:00,0.0,07:50,2019-02-27
2692,SÃO PAULO,355030833A,SP,AC Central de SP,-46.635987,-23.543311,2019-02-27 08:10:00,0.2,08:10,2019-02-27
2693,SÃO PAULO,355030833A,SP,AC Central de SP,-46.635987,-23.543311,2019-02-27 08:50:00,0.0,08:50,2019-02-27
2694,SÃO PAULO,355030833A,SP,AC Central de SP,-46.635987,-23.543311,2019-02-27 09:20:00,0.2,09:20,2019-02-27
2695,SÃO PAULO,355030833A,SP,AC Central de SP,-46.635987,-23.543311,2019-02-27 09:50:00,0.0,09:50,2019-02-27
2696,SÃO PAULO,355030833A,SP,AC Central de SP,-46.635987,-23.543311,2019-02-27 10:20:00,0.2,10:20,2019-02-27
2697,SÃO PAULO,355030833A,SP,AC Central de SP,-46.635987,-23.543311,2019-02-27 10:50:00,0.0,10:50,2019-02-27
2698,SÃO PAULO,355030833A,SP,AC Central de SP,-46.635987,-23.543311,2019-02-27 11:20:00,0.2,11:20,2019-02-27
2699,SÃO PAULO,355030833A,SP,AC Central de SP,-46.635987,-23.543311,2019-02-27 11:50:00,0.0,11:50,2019-02-27
2700,SÃO PAULO,355030833A,SP,AC Central de SP,-46.635987,-23.543311,2019-02-27 12:20:00,0.2,12:20,2019-02-27
2701,SÃO PAULO,355030833A,SP,AC Central de SP,-46.635987,-23.543311,2019-02-27 12:50:00,0.0,12:50,2019-02-27
2702,SÃO PAULO,355030833A,SP,AC Central de SP,-46.635987,-23.543311,2019-02-27 13:20:00,0.2,13:20,2019-02-27
2703,SÃO PAULO,355030833A,SP,AC Central de SP,-46.635987,-23.543311,2019-02-27 13:50:00,0.0,13:50,2019-02-27
2704,SÃO PAULO,355030833A,SP,AC Central de SP,-46.635987,-23.543311,2019-02-27 14:10:00,0.2,14:10,2019-02-27
2705,SÃO PAULO,355030833A,SP,AC Central de SP,-46.635987,-23.543311,2019-02-27 14:50:00,0.0,14:50,2019-02-27
2706,SÃO PAULO,355030833A,SP,AC Central de SP,-46.635987,-23.543311,2019-02-27 15:00:00,0.2,15:00,2019-02-27
2707,SÃO PAULO,355030833A,SP,AC Central de SP,-46.635987,-23.543311,2019-02-27 16:10:00,0.2,16:10,2019-02-27
2708,SÃO PAULO,355030833A,SP,AC Central de SP,-46.635987,-23.543311,2019-02-27 16:50:00,0.0,16:50,2019-02-27
2709,SÃO PAULO,355030833A,SP,AC Central de SP,-46.635987,-23.543311,2019-02-27 17:00:00,0.2,17:00,2019-02-27
2710,SÃO PAULO,355030833A,SP,AC Central de SP,-46.635987,-23.543311,2019-02-27 17:50:00,0.2,17:50,2019-02-27
2711,SÃO PAULO,355030833A,SP,AC Central de SP,-46.635987,-23.543311,2019-02-27 18:50:00,0.2,18:50,2019-02-27
2712,SÃO PAULO,355030833A,SP,AC Central de SP,-46.635987,-23.543311,2019-02-27 19:50:00,0.2,19:50,2019-02-27
2713,SÃO PAULO,355030833A,SP,AC Central de SP,-46.635987,-23.543311,2019-02-27 20:50:00,0.2,20:50,2019-02-27
2714,SÃO PAULO,355030833A,SP,AC Central de SP,-46.635987,-23.543311,2019-02-27 21:50:00,0.2,21:50,2019-02-27
2715,SÃO PAULO,355030833A,SP,AC Central de SP,-46.635987,-23.543311,2019-02-27 22:50:00,0.0,22:50,2019-02-27
2716,SÃO PAULO,355030833A,SP,AC Central de SP,-46.635987,-23.543311,2019-02-27 23:00:00,0.2,23:00,2019-02-27
2717,SÃO PAULO,355030833A,SP,AC Central de SP,-46.635987,-23.543311,2019-02-27 23:50:00,0.0,23:50,2019-02-27
2718,SÃO PAULO,355030833A,SP,AC Central de SP,-46.635987,-23.543311,2019-02-28 00:00:00,0.2,00:00,2019-02-28
2719,SÃO PAULO,355030833A,SP,AC Central de SP,-46.635987,-23.543311,2019-02-28 00:50:00,0.0,00:50,2019-02-28
2720,SÃO PAULO,355030833A,SP,AC Central de SP,-46.635987,-23.543311,2019-02-28 01:10:00,0.2,01:10,2019-02-28
2721,SÃO PAULO,355030833A,SP,AC Central de SP,-46.635987,-23.543311,2019-02-28 01:50:00,0.0,01:50,2019-02-28
2722,SÃO PAULO,355030833A,SP,AC Central de SP,-46.635987,-23.543311,2019-02-28 02:10:00,0.2,02:10,2019-02-28
2723,SÃO PAULO,355030833A,SP,AC Central de SP,-46.635987,-23.543311,2019-02-28 02:50:00,0.0,02:50,2019-02-28
2724,SÃO PAULO,355030833A,SP,AC Central de SP,-46.635987,-23.543311,2019-02-28 03:20:00,0.2,03:20,2019-02-28
2725,SÃO PAULO,355030833A,SP,AC Central de SP,-46.635987,-23.543311,2019-02-28 03:50:00,0.0,03:50,2019-02-28
2726,SÃO PAULO,355030833A,SP,AC Central de SP,-46.635987,-23.543311,2019-02-28 04:30:00,0.2,04:30,2019-02-28
2727,SÃO PAULO,355030833A,SP,AC Central de SP,-46.635987,-23.543311,2019-02-28 04:50:00,0.0,04:50,2019-02-28
2728,SÃO PAULO,355030833A,SP,AC Central de SP,-46.635987,-23.543311,2019-02-28 05:40:00,0.2,05:40,2019-02-28
2729,SÃO PAULO,355030833A,SP,AC Central de SP,-46.635987,-23.543311,2019-02-28 05:50:00,0.0,05:50,2019-02-28
2730,SÃO PAULO,355030833A,SP,AC Central de SP,-46.635987,-23.543311,2019-02-28 06:40:00,0.2,06:40,2019-02-28
2731,SÃO PAULO,355030833A,SP,AC Central de SP,-46.635987,-23.543311,2019-02-28 06:50:00,0.0,06:50,2019-02-28
2732,SÃO PAULO,355030833A,SP,AC Central de SP,-46.635987,-23.543311,2019-02-28 07:50:00,0.2,07:50,2019-02-28
2733,SÃO PAULO,355030833A,SP,AC Central de SP,-46.635987,-23.543311,2019-02-28 08:50:00,0.0,08:50,2019-02-28
2734,SÃO PAULO,355030833A,SP,AC Central de SP,-46.635987,-23.543311,2019-02-28 09:00:00,0.2,09:00,2019-02-28
2735,SÃO PAULO,355030833A,SP,AC Central de SP,-46.635987,-23.543311,2019-02-28 09:50:00,0.0,09:50,2019-02-28
2736,SÃO PAULO,355030833A,SP,AC Central de SP,-46.635987,-23.543311,2019-02-28 10:10:00,0.2,10:10,2019-02-28
2737,SÃO PAULO,355030833A,SP,AC Central de SP,-46.635987,-23.543311,2019-02-28 10:50:00,0.0,10:50,2019-02-28
2738,SÃO PAULO,355030833A,SP,AC Central de SP,-46.635987,-23.543311,2019-02-28 11:10:00,0.2,11:10,2019-02-28
2739,SÃO PAULO,355030833A,SP,AC Central de SP,-46.635987,-23.543311,2019-02-28 11:50:00,0.0,11:50,2019-02-28
2740,SÃO PAULO,355030833A,SP,AC Central de SP,-46.635987,-23.543311,2019-02-28 12:20:00,0.2,12:20,2019-02-28
2741,SÃO PAULO,355030833A,SP,AC Central de SP,-46.635987,-23.543311,2019-02-28 12:50:00,0.0,12:50,2019-02-28
2742,SÃO PAULO,355030833A,SP,AC Central de SP,-46.635987,-23.543311,2019-02-28 13:20:00,0.2,13:20,2019-02-28
2743,SÃO PAULO,355030833A,SP,AC Central de SP,-46.635987,-23.543311,2019-02-28 13:50:00,0.0,13:50,2019-02-28
2744,SÃO PAULO,355030833A,SP,AC Central de SP,-46.635987,-23.543311,2019-02-28 14:30:00,0.2,14:30,2019-02-28
2745,SÃO PAULO,355030833A,SP,AC Central de SP,-46.635987,-23.543311,2019-02-28 14:50:00,0.0,14:50,2019-02-28
2746,SÃO PAULO,355030833A,SP,AC Central de SP,-46.635987,-23.543311,2019-02-28 15:30:00,0.2,15:30,2019-02-28
2747,SÃO PAULO,355030833A,SP,AC Central de SP,-46.635987,-23.543311,2019-02-28 15:50:00,0.0,15:50,2019-02-28
2748,SÃO PAULO,355030833A,SP,AC Central de SP,-46.635987,-23.543311,2019-02-28 16:30:00,0.2,16:30,2019-02-28
2749,SÃO PAULO,355030833A,SP,AC Central de SP,-46.635987,-23.543311,2019-02-28 16:50:00,0.0,16:50,2019-02-28
2750,SÃO PAULO,355030833A,SP,AC Central de SP,-46.635987,-23.543311,2019-02-28 17:30:00,0.2,17:30,2019-02-28
2751,SÃO PAULO,355030833A,SP,AC Central de SP,-46.635987,-23.543311,2019-02-28 17:50:00,0.0,17:50,2019-02-28
2752,SÃO PAULO,355030833A,SP,AC Central de SP,-46.635987,-23.543311,2019-02-28 18:30:00,0.2,18:30,2019-02-28
2753,SÃO PAULO,355030833A,SP,AC Central de SP,-46.635987,-23.543311,2019-02-28 18:50:00,0.0,18:50,2019-02-28
2754,SÃO PAULO,355030833A,SP,AC Central de SP,-46.635987,-23.543311,2019-02-28 19:30:00,0.2,19:30,2019-02-28
2755,SÃO PAULO,355030833A,SP,AC Central de SP,-46.635987,-23.543311,2019-02-28 20:30:00,0.2,20:30,2019-02-28
2756,SÃO PAULO,355030833A,SP,AC Central de SP,-46.635987,-23.543311,2019-02-28 21:40:00,0.2,21:40,2019-02-28
2757,SÃO PAULO,355030833A,SP,AC Central de SP,-46.635987,-23.543311,2019-02-28 21:50:00,0.0,21:50,2019-02-28
2758,SÃO PAULO,355030833A,SP,AC Central de SP,-46.635987,-23.543311,2019-02-28 22:40:00,0.2,22:40,2019-02-28
2759,SÃO PAULO,355030833A,SP,AC Central de SP,-46.635987,-23.543311,2019-02-28 22:50:00,0.0,22:50,2019-02-28
2760,SÃO PAULO,355030833A,SP,AC Central de SP,-46.635987,-23.543311,2019-02-28 23:50:00,0.2,23:50,2019-02-28
2761,SÃO PAULO,355030833A,SP,AC Central de SP,-46.635987,-23.543311,2019-03-01 00:50:00,0.2,00:50,2019-03-01
2762,SÃO PAULO,355030833A,SP,AC Central de SP,-46.635987,-23.543311,2019-03-01 01:50:00,0.0,01:50,2019-03-01
2763,SÃO PAULO,355030833A,SP,AC Central de SP,-46.635987,-23.543311,2019-03-01 02:00:00,0.2,02:00,2019-03-01
2764,SÃO PAULO,355030833A,SP,AC Central de SP,-46.635987,-23.543311,2019-03-01 02:50:00,0.0,02:50,2019-03-01
2765,SÃO PAULO,355030833A,SP,AC Central de SP,-46.635987,-23.543311,2019-03-01 03:00:00,0.2,03:00,2019-03-01
2766,SÃO PAULO,355030833A,SP,AC Central de SP,-46.635987,-23.543311,2019-03-01 03:50:00,0.0,03:50,2019-03-01
2767,SÃO PAULO,355030833A,SP,AC Central de SP,-46.635987,-23.543311,2019-03-01 04:00:00,0.2,04:00,2019-03-01
2768,SÃO PAULO,355030833A,SP,AC Central de SP,-46.635987,-23.543311,2019-03-01 04:50:00,0.0,04:50,2019-03-01
2769,SÃO PAULO,355030833A,SP,AC Central de SP,-46.635987,-23.543311,2019-03-01 05:00:00,0.2,05:00,2019-03-01
2770,SÃO PAULO,355030833A,SP,AC Central de SP,-46.635987,-23.543311,2019-03-01 05:50:00,0.0,05:50,2019-03-01
2771,SÃO PAULO,355030833A,SP,AC Central de SP,-46.635987,-23.543311,2019-03-01 06:10:00,0.2,06:10,2019-03-01
2772,SÃO PAULO,355030833A,SP,AC Central de SP,-46.635987,-23.543311,2019-03-01 06:50:00,0.0,06:50,2019-03-01
2773,SÃO PAULO,355030833A,SP,AC Central de SP,-46.635987,-23.543311,2019-03-01 07:10:00,0.2,07:10,2019-03-01
2774,SÃO PAULO,355030833A,SP,AC Central de SP,-46.635987,-23.543311,2019-03-01 07:50:00,0.0,07:50,2019-03-01
2775,SÃO PAULO,355030833A,SP,AC Central de SP,-46.635987,-23.543311,2019-03-01 08:20:00,0.2,08:20,2019-03-01
2776,SÃO PAULO,355030833A,SP,AC Central de SP,-46.635987,-23.543311,2019-03-01 08:50:00,0.0,08:50,2019-03-01
2777,SÃO PAULO,355030833A,SP,AC Central de SP,-46.635987,-23.543311,2019-03-01 09:20:00,0.2,09:20,2019-03-01
2778,SÃO PAULO,355030833A,SP,AC Central de SP,-46.635987,-23.543311,2019-03-01 09:50:00,0.0,09:50,2019-03-01
2779,SÃO PAULO,355030833A,SP,AC Central de SP,-46.635987,-23.543311,2019-03-01 10:30:00,0.2,10:30,2019-03-01
2780,SÃO PAULO,355030833A,SP,AC Central de SP,-46.635987,-23.543311,2019-03-01 10:50:00,0.0,10:50,2019-03-01
2781,SÃO PAULO,355030833A,SP,AC Central de SP,-46.635987,-23.543311,2019-03-01 11:30:00,0.2,11:30,2019-03-01
2782,SÃO PAULO,355030833A,SP,AC Central de SP,-46.635987,-23.543311,2019-03-01 11:50:00,0.0,11:50,2019-03-01
2783,SÃO PAULO,355030833A,SP,AC Central de SP,-46.635987,-23.543311,2019-03-01 12:30:00,0.2,12:30,2019-03-01
2784,SÃO PAULO,355030833A,SP,AC Central de SP,-46.635987,-23.543311,2019-03-01 12:50:00,0.0,12:50,2019-03-01
2785,SÃO PAULO,355030833A,SP,AC Central de SP,-46.635987,-23.543311,2019-03-01 13:30:00,0.2,13:30,2019-03-01
2786,SÃO PAULO,355030833A,SP,AC Central de SP,-46.635987,-23.543311,2019-03-01 13:50:00,0.0,13:50,2019-03-01
2787,SÃO PAULO,355030833A,SP,AC Central de SP,-46.635987,-23.543311,2019-03-01 14:30:00,0.2,14:30,2019-03-01
2788,SÃO PAULO,355030833A,SP,AC Central de SP,-46.635987,-23.543311,2019-03-01 14:50:00,0.0,14:50,2019-03-01
2789,SÃO PAULO,355030833A,SP,AC Central de SP,-46.635987,-23.543311,2019-03-01 15:10:00,0.2,15:10,2019-03-01
2790,SÃO PAULO,355030833A,SP,AC Central de SP,-46.635987,-23.543311,2019-03-01 15:50:00,0.0,15:50,2019-03-01
2791,SÃO PAULO,355030833A,SP,AC Central de SP,-46.635987,-23.543311,2019-03-01 16:10:00,0.2,16:10,2019-03-01
2792,SÃO PAULO,355030833A,SP,AC Central de SP,-46.635987,-23.543311,2019-03-01 16:50:00,0.0,16:50,2019-03-01
2793,SÃO PAULO,355030833A,SP,AC Central de SP,-46.635987,-23.543311,2019-03-01 17:10:00,0.2,17:10,2019-03-01
2794,SÃO PAULO,355030833A,SP,AC Central de SP,-46.635987,-23.543311,2019-03-01 17:50:00,0.0,17:50,2019-03-01
2795,SÃO PAULO,355030833A,SP,AC Central de SP,-46.635987,-23.543311,2019-03-01 18:00:00,0.2,18:00,2019-03-01
2796,SÃO PAULO,355030833A,SP,AC Central de SP,-46.635987,-23.543311,2019-03-01 18:50:00,0.0,18:50,2019-03-01
2797,SÃO PAULO,355030833A,SP,AC Central de SP,-46.635987,-23.543311,2019-03-01 19:00:00,0.2,19:00,2019-03-01
2798,SÃO PAULO,355030833A,SP,AC Central de SP,-46.635987,-23.543311,2019-03-01 19:50:00,0.2,19:50,2019-03-01
2799,SÃO PAULO,355030833A,SP,AC Central de SP,-46.635987,-23.543311,2019-03-01 20:40:00,0.2,20:40,2019-03-01
2800,SÃO PAULO,355030833A,SP,AC Central de SP,-46.635987,-23.543311,2019-03-01 20:50:00,0.0,20:50,2019-03-01
2801,SÃO PAULO,355030833A,SP,AC Central de SP,-46.635987,-23.543311,2019-03-01 21:50:00,0.2,21:50,2019-03-01
2802,SÃO PAULO,355030833A,SP,AC Central de SP,-46.635987,-23.543311,2019-03-01 22:50:00,0.2,22:50,2019-03-01
2803,SÃO PAULO,355030833A,SP,AC Central de SP,-46.635987,-23.543311,2019-03-01 23:50:00,0.2,23:50,2019-03-01
2804,SÃO PAULO,355030833A,SP,AC Central de SP,-46.635987,-23.543311,2019-03-02 00:50:00,0.0,00:50,2019-03-02
2805,SÃO PAULO,355030833A,SP,AC Central de SP,-46.635987,-23.543311,2019-03-02 01:00:00,0.2,01:00,2019-03-02
2806,SÃO PAULO,355030833A,SP,AC Central de SP,-46.635987,-23.543311,2019-03-02 01:50:00,0.0,01:50,2019-03-02
2807,SÃO PAULO,355030833A,SP,AC Central de SP,-46.635987,-23.543311,2019-03-02 02:00:00,0.2,02:00,2019-03-02
2808,SÃO PAULO,355030833A,SP,AC Central de SP,-46.635987,-23.543311,2019-03-02 02:50:00,0.0,02:50,2019-03-02
2809,SÃO PAULO,355030833A,SP,AC Central de SP,-46.635987,-23.543311,2019-03-02 03:10:00,0.2,03:10,2019-03-02
2810,SÃO PAULO,355030833A,SP,AC Central de SP,-46.635987,-23.543311,2019-03-02 03:50:00,0.0,03:50,2019-03-02
2811,SÃO PAULO,355030833A,SP,AC Central de SP,-46.635987,-23.543311,2019-03-02 04:20:00,0.2,04:20,2019-03-02
2812,SÃO PAULO,355030833A,SP,AC Central de SP,-46.635987,-23.543311,2019-03-02 04:50:00,0.0,04:50,2019-03-02
2813,SÃO PAULO,355030833A,SP,AC Central de SP,-46.635987,-23.543311,2019-03-02 05:20:00,0.2,05:20,2019-03-02
2814,SÃO PAULO,355030833A,SP,AC Central de SP,-46.635987,-23.543311,2019-03-02 05:50:00,0.0,05:50,2019-03-02
2815,SÃO PAULO,355030833A,SP,AC Central de SP,-46.635987,-23.543311,2019-03-02 06:30:00,0.2,06:30,2019-03-02
2816,SÃO PAULO,355030833A,SP,AC Central de SP,-46.635987,-23.543311,2019-03-02 06:50:00,0.0,06:50,2019-03-02
2817,SÃO PAULO,355030833A,SP,AC Central de SP,-46.635987,-23.543311,2019-03-02 07:30:00,0.2,07:30,2019-03-02
2818,SÃO PAULO,355030833A,SP,AC Central de SP,-46.635987,-23.543311,2019-03-02 07:50:00,0.0,07:50,2019-03-02
2819,SÃO PAULO,355030833A,SP,AC Central de SP,-46.635987,-23.543311,2019-03-02 08:40:00,0.2,08:40,2019-03-02
2820,SÃO PAULO,355030833A,SP,AC Central de SP,-46.635987,-23.543311,2019-03-02 08:50:00,0.0,08:50,2019-03-02
2821,SÃO PAULO,355030833A,SP,AC Central de SP,-46.635987,-23.543311,2019-03-02 09:40:00,0.2,09:40,2019-03-02
2822,SÃO PAULO,355030833A,SP,AC Central de SP,-46.635987,-23.543311,2019-03-02 09:50:00,0.0,09:50,2019-03-02
2823,SÃO PAULO,355030833A,SP,AC Central de SP,-46.635987,-23.543311,2019-03-02 10:50:00,0.2,10:50,2019-03-02
2824,SÃO PAULO,355030833A,SP,AC Central de SP,-46.635987,-23.543311,2019-03-02 11:50:00,0.2,11:50,2019-03-02
2825,SÃO PAULO,355030833A,SP,AC Central de SP,-46.635987,-23.543311,2019-03-02 12:50:00,0.2,12:50,2019-03-02
2826,SÃO PAULO,355030833A,SP,AC Central de SP,-46.635987,-23.543311,2019-03-02 13:50:00,0.0,13:50,2019-03-02
2827,SÃO PAULO,355030833A,SP,AC Central de SP,-46.635987,-23.543311,2019-03-02 14:00:00,0.2,14:00,2019-03-02
2828,SÃO PAULO,355030833A,SP,AC Central de SP,-46.635987,-23.543311,2019-03-02 14:50:00,0.2,14:50,2019-03-02
2829,SÃO PAULO,355030833A,SP,AC Central de SP,-46.635987,-23.543311,2019-03-02 15:40:00,0.2,15:40,2019-03-02
2830,SÃO PAULO,355030833A,SP,AC Central de SP,-46.635987,-23.543311,2019-03-02 15:50:00,0.0,15:50,2019-03-02
2831,SÃO PAULO,355030833A,SP,AC Central de SP,-46.635987,-23.543311,2019-03-02 16:30:00,0.2,16:30,2019-03-02
2832,SÃO PAULO,355030833A,SP,AC Central de SP,-46.635987,-23.543311,2019-03-02 16:50:00,0.0,16:50,2019-03-02
2833,SÃO PAULO,355030833A,SP,AC Central de SP,-46.635987,-23.543311,2019-03-02 17:20:00,0.2,17:20,2019-03-02
2834,SÃO PAULO,355030833A,SP,AC Central de SP,-46.635987,-23.543311,2019-03-02 17:50:00,0.0,17:50,2019-03-02
2835,SÃO PAULO,355030833A,SP,AC Central de SP,-46.635987,-23.543311,2019-03-02 18:10:00,0.2,18:10,2019-03-02
2836,SÃO PAULO,355030833A,SP,AC Central de SP,-46.635987,-23.543311,2019-03-02 18:50:00,0.2,18:50,2019-03-02
2837,SÃO PAULO,355030833A,SP,AC Central de SP,-46.635987,-23.543311,2019-03-02 19:20:00,0.2,19:20,2019-03-02
2838,SÃO PAULO,355030833A,SP,AC Central de SP,-46.635987,-23.543311,2019-03-02 19:50:00,0.0,19:50,2019-03-02
2839,SÃO PAULO,355030833A,SP,AC Central de SP,-46.635987,-23.543311,2019-03-02 20:10:00,0.2,20:10,2019-03-02
2840,SÃO PAULO,355030833A,SP,AC Central de SP,-46.635987,-23.543311,2019-03-02 20:50:00,0.0,20:50,2019-03-02
2841,SÃO PAULO,355030833A,SP,AC Central de SP,-46.635987,-23.543311,2019-03-02 21:00:00,0.2,21:00,2019-03-02
2842,SÃO PAULO,355030833A,SP,AC Central de SP,-46.635987,-23.543311,2019-03-02 21:50:00,0.0,21:50,2019-03-02
2843,SÃO PAULO,355030833A,SP,AC Central de SP,-46.635987,-23.543311,2019-03-02 22:10:00,0.2,22:10,2019-03-02
2844,SÃO PAULO,355030833A,SP,AC Central de SP,-46.635987,-23.543311,2019-03-02 22:50:00,0.0,22:50,2019-03-02
2845,SÃO PAULO,355030833A,SP,AC Central de SP,-46.635987,-23.543311,2019-03-02 23:00:00,0.2,23:00,2019-03-02
2846,SÃO PAULO,355030833A,SP,AC Central de SP,-46.635987,-23.543311,2019-03-02 23:50:00,0.0,23:50,2019-03-02
2847,SÃO PAULO,355030833A,SP,AC Central de SP,-46.635987,-23.543311,2019-03-03 00:10:00,0.2,00:10,2019-03-03
2848,SÃO PAULO,355030833A,SP,AC Central de SP,-46.635987,-23.543311,2019-03-03 00:50:00,0.0,00:50,2019-03-03
2849,SÃO PAULO,355030833A,SP,AC Central de SP,-46.635987,-23.543311,2019-03-03 01:10:00,0.2,01:10,2019-03-03
2850,SÃO PAULO,355030833A,SP,AC Central de SP,-46.635987,-23.543311,2019-03-03 01:50:00,0.0,01:50,2019-03-03
2851,SÃO PAULO,355030833A,SP,AC Central de SP,-46.635987,-23.543311,2019-03-03 02:10:00,0.2,02:10,2019-03-03
2852,SÃO PAULO,355030833A,SP,AC Central de SP,-46.635987,-23.543311,2019-03-03 02:50:00,0.0,02:50,2019-03-03
2853,SÃO PAULO,355030833A,SP,AC Central de SP,-46.635987,-23.543311,2019-03-03 03:10:00,0.2,03:10,2019-03-03
2854,SÃO PAULO,355030833A,SP,AC Central de SP,-46.635987,-23.543311,2019-03-03 03:50:00,0.0,03:50,2019-03-03
2855,SÃO PAULO,355030833A,SP,AC Central de SP,-46.635987,-23.543311,2019-03-03 04:10:00,0.2,04:10,2019-03-03
2856,SÃO PAULO,355030833A,SP,AC Central de SP,-46.635987,-23.543311,2019-03-03 04:50:00,0.0,04:50,2019-03-03
2857,SÃO PAULO,355030833A,SP,AC Central de SP,-46.635987,-23.543311,2019-03-03 05:20:00,0.2,05:20,2019-03-03
2858,SÃO PAULO,355030833A,SP,AC Central de SP,-46.635987,-23.543311,2019-03-03 05:50:00,0.0,05:50,2019-03-03
2859,SÃO PAULO,355030833A,SP,AC Central de SP,-46.635987,-23.543311,2019-03-03 06:20:00,0.2,06:20,2019-03-03
2860,SÃO PAULO,355030833A,SP,AC Central de SP,-46.635987,-23.543311,2019-03-03 06:50:00,0.0,06:50,2019-03-03
2861,SÃO PAULO,355030833A,SP,AC Central de SP,-46.635987,-23.543311,2019-03-03 07:20:00,0.2,07:20,2019-03-03
2862,SÃO PAULO,355030833A,SP,AC Central de SP,-46.635987,-23.543311,2019-03-03 07:50:00,0.0,07:50,2019-03-03
2863,SÃO PAULO,355030833A,SP,AC Central de SP,-46.635987,-23.543311,2019-03-03 08:20:00,0.2,08:20,2019-03-03
2864,SÃO PAULO,355030833A,SP,AC Central de SP,-46.635987,-23.543311,2019-03-03 08:50:00,0.0,08:50,2019-03-03
2865,SÃO PAULO,355030833A,SP,AC Central de SP,-46.635987,-23.543311,2019-03-03 09:20:00,0.2,09:20,2019-03-03
2866,SÃO PAULO,355030833A,SP,AC Central de SP,-46.635987,-23.543311,2019-03-03 09:50:00,0.0,09:50,2019-03-03
2867,SÃO PAULO,355030833A,SP,AC Central de SP,-46.635987,-23.543311,2019-03-03 10:30:00,0.2,10:30,2019-03-03
2868,SÃO PAULO,355030833A,SP,AC Central de SP,-46.635987,-23.543311,2019-03-03 10:50:00,0.0,10:50,2019-03-03
2869,SÃO PAULO,355030833A,SP,AC Central de SP,-46.635987,-23.543311,2019-03-03 11:20:00,0.2,11:20,2019-03-03
2870,SÃO PAULO,355030833A,SP,AC Central de SP,-46.635987,-23.543311,2019-03-03 11:50:00,0.0,11:50,2019-03-03
2871,SÃO PAULO,355030833A,SP,AC Central de SP,-46.635987,-23.543311,2019-03-03 12:20:00,0.2,12:20,2019-03-03
2872,SÃO PAULO,355030833A,SP,AC Central de SP,-46.635987,-23.543311,2019-03-03 12:50:00,0.0,12:50,2019-03-03
2873,SÃO PAULO,355030833A,SP,AC Central de SP,-46.635987,-23.543311,2019-03-03 13:10:00,0.2,13:10,2019-03-03
2874,SÃO PAULO,355030833A,SP,AC Central de SP,-46.635987,-23.543311,2019-03-03 13:50:00,0.2,13:50,2019-03-03
2875,SÃO PAULO,355030833A,SP,AC Central de SP,-46.635987,-23.543311,2019-03-03 14:50:00,0.2,14:50,2019-03-03
2876,SÃO PAULO,355030833A,SP,AC Central de SP,-46.635987,-23.543311,2019-03-03 15:40:00,0.2,15:40,2019-03-03
2877,SÃO PAULO,355030833A,SP,AC Central de SP,-46.635987,-23.543311,2019-03-03 15:50:00,0.0,15:50,2019-03-03
2878,SÃO PAULO,355030833A,SP,AC Central de SP,-46.635987,-23.543311,2019-03-03 16:20:00,0.2,16:20,2019-03-03
2879,SÃO PAULO,355030833A,SP,AC Central de SP,-46.635987,-23.543311,2019-03-03 16:50:00,0.0,16:50,2019-03-03
2880,SÃO PAULO,355030833A,SP,AC Central de SP,-46.635987,-23.543311,2019-03-03 17:10:00,0.2,17:10,2019-03-03
2881,SÃO PAULO,355030833A,SP,AC Central de SP,-46.635987,-23.543311,2019-03-03 17:50:00,0.0,17:50,2019-03-03
2882,SÃO PAULO,355030833A,SP,AC Central de SP,-46.635987,-23.543311,2019-03-03 18:00:00,0.2,18:00,2019-03-03
2883,SÃO PAULO,355030833A,SP,AC Central de SP,-46.635987,-23.543311,2019-03-03 18:50:00,0.2,18:50,2019-03-03
2884,SÃO PAULO,355030833A,SP,AC Central de SP,-46.635987,-23.543311,2019-03-03 19:00:00,0.0,19:00,2019-03-03
2885,SÃO PAULO,355030833A,SP,AC Central de SP,-46.635987,-23.543311,2019-03-03 19:40:00,0.2,19:40,2019-03-03
2886,SÃO PAULO,355030833A,SP,AC Central de SP,-46.635987,-23.543311,2019-03-03 19:50:00,0.0,19:50,2019-03-03
2887,SÃO PAULO,355030833A,SP,AC Central de SP,-46.635987,-23.543311,2019-03-03 20:30:00,0.2,20:30,2019-03-03
2888,SÃO PAULO,355030833A,SP,AC Central de SP,-46.635987,-23.543311,2019-03-03 20:50:00,0.0,20:50,2019-03-03
2889,SÃO PAULO,355030833A,SP,AC Central de SP,-46.635987,-23.543311,2019-03-03 21:30:00,0.2,21:30,2019-03-03
2890,SÃO PAULO,355030833A,SP,AC Central de SP,-46.635987,-23.543311,2019-03-03 21:50:00,0.0,21:50,2019-03-03
2891,SÃO PAULO,355030833A,SP,AC Central de SP,-46.635987,-23.543311,2019-03-03 22:30:00,0.2,22:30,2019-03-03
2892,SÃO PAULO,355030833A,SP,AC Central de SP,-46.635987,-23.543311,2019-03-03 22:50:00,0.0,22:50,2019-03-03
2893,SÃO PAULO,355030833A,SP,AC Central de SP,-46.635987,-23.543311,2019-03-03 23:10:00,0.2,23:10,2019-03-03
2894,SÃO PAULO,355030833A,SP,AC Central de SP,-46.635987,-23.543311,2019-03-03 23:50:00,0.0,23:50,2019-03-03
2895,SÃO PAULO,355030833A,SP,AC Central de SP,-46.635987,-23.543311,2019-03-04 00:10:00,0.2,00:10,2019-03-04
2896,SÃO PAULO,355030833A,SP,AC Central de SP,-46.635987,-23.543311,2019-03-04 00:50:00,0.0,00:50,2019-03-04
2897,SÃO PAULO,355030833A,SP,AC Central de SP,-46.635987,-23.543311,2019-03-04 01:10:00,0.2,01:10,2019-03-04
2898,SÃO PAULO,355030833A,SP,AC Central de SP,-46.635987,-23.543311,2019-03-04 01:50:00,0.0,01:50,2019-03-04
2899,SÃO PAULO,355030833A,SP,AC Central de SP,-46.635987,-23.543311,2019-03-04 02:10:00,0.2,02:10,2019-03-04
2900,SÃO PAULO,355030833A,SP,AC Central de SP,-46.635987,-23.543311,2019-03-04 02:50:00,0.0,02:50,2019-03-04
2901,SÃO PAULO,355030833A,SP,AC Central de SP,-46.635987,-23.543311,2019-03-04 03:10:00,0.2,03:10,2019-03-04
2902,SÃO PAULO,355030833A,SP,AC Central de SP,-46.635987,-23.543311,2019-03-04 03:50:00,0.0,03:50,2019-03-04
2903,SÃO PAULO,355030833A,SP,AC Central de SP,-46.635987,-23.543311,2019-03-04 04:10:00,0.2,04:10,2019-03-04
2904,SÃO PAULO,355030833A,SP,AC Central de SP,-46.635987,-23.543311,2019-03-04 04:50:00,0.0,04:50,2019-03-04
2905,SÃO PAULO,355030833A,SP,AC Central de SP,-46.635987,-23.543311,2019-03-04 05:10:00,0.2,05:10,2019-03-04
2906,SÃO PAULO,355030833A,SP,AC Central de SP,-46.635987,-23.543311,2019-03-04 05:50:00,0.0,05:50,2019-03-04
2907,SÃO PAULO,355030833A,SP,AC Central de SP,-46.635987,-23.543311,2019-03-04 06:20:00,0.2,06:20,2019-03-04
2908,SÃO PAULO,355030833A,SP,AC Central de SP,-46.635987,-23.543311,2019-03-04 06:50:00,0.0,06:50,2019-03-04
2909,SÃO PAULO,355030833A,SP,AC Central de SP,-46.635987,-23.543311,2019-03-04 07:20:00,0.2,07:20,2019-03-04
2910,SÃO PAULO,355030833A,SP,AC Central de SP,-46.635987,-23.543311,2019-03-04 07:50:00,0.0,07:50,2019-03-04
2911,SÃO PAULO,355030833A,SP,AC Central de SP,-46.635987,-23.543311,2019-03-04 08:20:00,0.2,08:20,2019-03-04
2912,SÃO PAULO,355030833A,SP,AC Central de SP,-46.635987,-23.543311,2019-03-04 08:50:00,0.0,08:50,2019-03-04
2913,SÃO PAULO,355030833A,SP,AC Central de SP,-46.635987,-23.543311,2019-03-04 09:30:00,0.2,09:30,2019-03-04
2914,SÃO PAULO,355030833A,SP,AC Central de SP,-46.635987,-23.543311,2019-03-04 09:50:00,0.0,09:50,2019-03-04
2915,SÃO PAULO,355030833A,SP,AC Central de SP,-46.635987,-23.543311,2019-03-04 10:30:00,0.2,10:30,2019-03-04
2916,SÃO PAULO,355030833A,SP,AC Central de SP,-46.635987,-23.543311,2019-03-04 10:50:00,0.0,10:50,2019-03-04
2917,SÃO PAULO,355030833A,SP,AC Central de SP,-46.635987,-23.543311,2019-03-04 11:30:00,0.2,11:30,2019-03-04
2918,SÃO PAULO,355030833A,SP,AC Central de SP,-46.635987,-23.543311,2019-03-04 11:50:00,0.0,11:50,2019-03-04
2919,SÃO PAULO,355030833A,SP,AC Central de SP,-46.635987,-23.543311,2019-03-04 12:20:00,0.2,12:20,2019-03-04
2920,SÃO PAULO,355030833A,SP,AC Central de SP,-46.635987,-23.543311,2019-03-04 12:50:00,0.0,12:50,2019-03-04
2921,SÃO PAULO,355030833A,SP,AC Central de SP,-46.635987,-23.543311,2019-03-04 13:10:00,0.2,13:10,2019-03-04
2922,SÃO PAULO,355030833A,SP,AC Central de SP,-46.635987,-23.543311,2019-03-04 13:50:00,0.0,13:50,2019-03-04
2923,SÃO PAULO,355030833A,SP,AC Central de SP,-46.635987,-23.543311,2019-03-04 14:00:00,0.2,14:00,2019-03-04
2924,SÃO PAULO,355030833A,SP,AC Central de SP,-46.635987,-23.543311,2019-03-04 14:50:00,0.2,14:50,2019-03-04
2925,SÃO PAULO,355030833A,SP,AC Central de SP,-46.635987,-23.543311,2019-03-04 15:30:00,0.2,15:30,2019-03-04
2926,SÃO PAULO,355030833A,SP,AC Central de SP,-46.635987,-23.543311,2019-03-04 15:50:00,0.0,15:50,2019-03-04
2927,SÃO PAULO,355030833A,SP,AC Central de SP,-46.635987,-23.543311,2019-03-04 16:00:00,0.2,16:00,2019-03-04
2928,SÃO PAULO,355030833A,SP,AC Central de SP,-46.635987,-23.543311,2019-03-04 16:30:00,0.2,16:30,2019-03-04
2929,SÃO PAULO,355030833A,SP,AC Central de SP,-46.635987,-23.543311,2019-03-04 16:50:00,0.2,16:50,2019-03-04
2930,SÃO PAULO,355030833A,SP,AC Central de SP,-46.635987,-23.543311,2019-03-04 17:30:00,0.2,17:30,2019-03-04
2931,SÃO PAULO,355030833A,SP,AC Central de SP,-46.635987,-23.543311,2019-03-04 17:50:00,0.0,17:50,2019-03-04
2932,SÃO PAULO,355030833A,SP,AC Central de SP,-46.635987,-23.543311,2019-03-04 18:10:00,0.2,18:10,2019-03-04
2933,SÃO PAULO,355030833A,SP,AC Central de SP,-46.635987,-23.543311,2019-03-04 18:40:00,0.2,18:40,2019-03-04
2934,SÃO PAULO,355030833A,SP,AC Central de SP,-46.635987,-23.543311,2019-03-04 19:00:00,0.2,19:00,2019-03-04
2935,SÃO PAULO,355030833A,SP,AC Central de SP,-46.635987,-23.543311,2019-03-04 19:30:00,0.2,19:30,2019-03-04
2936,SÃO PAULO,355030833A,SP,AC Central de SP,-46.635987,-23.543311,2019-03-04 19:50:00,0.0,19:50,2019-03-04
2937,SÃO PAULO,355030833A,SP,AC Central de SP,-46.635987,-23.543311,2019-03-04 20:00:00,0.2,20:00,2019-03-04
2938,SÃO PAULO,355030833A,SP,AC Central de SP,-46.635987,-23.543311,2019-03-04 20:30:00,0.2,20:30,2019-03-04
2939,SÃO PAULO,355030833A,SP,AC Central de SP,-46.635987,-23.543311,2019-03-04 20:50:00,0.0,20:50,2019-03-04
2940,SÃO PAULO,355030833A,SP,AC Central de SP,-46.635987,-23.543311,2019-03-04 21:00:00,0.2,21:00,2019-03-04
2941,SÃO PAULO,355030833A,SP,AC Central de SP,-46.635987,-23.543311,2019-03-04 21:40:00,0.2,21:40,2019-03-04
2942,SÃO PAULO,355030833A,SP,AC Central de SP,-46.635987,-23.543311,2019-03-04 21:50:00,0.0,21:50,2019-03-04
2943,SÃO PAULO,355030833A,SP,AC Central de SP,-46.635987,-23.543311,2019-03-04 22:10:00,0.2,22:10,2019-03-04
2944,SÃO PAULO,355030833A,SP,AC Central de SP,-46.635987,-23.543311,2019-03-04 22:40:00,0.2,22:40,2019-03-04
2945,SÃO PAULO,355030833A,SP,AC Central de SP,-46.635987,-23.543311,2019-03-04 22:50:00,0.0,22:50,2019-03-04
2946,SÃO PAULO,355030833A,SP,AC Central de SP,-46.635987,-23.543311,2019-03-04 23:10:00,0.2,23:10,2019-03-04
2947,SÃO PAULO,355030833A,SP,AC Central de SP,-46.635987,-23.543311,2019-03-04 23:40:00,0.2,23:40,2019-03-04
2948,SÃO PAULO,355030833A,SP,AC Central de SP,-46.635987,-23.543311,2019-03-05 00:00:00,0.0,00:00,2019-03-05
2949,SÃO PAULO,355030833A,SP,AC Central de SP,-46.635987,-23.543311,2019-03-05 00:20:00,0.2,00:20,2019-03-05
2950,SÃO PAULO,355030833A,SP,AC Central de SP,-46.635987,-23.543311,2019-03-05 00:50:00,0.2,00:50,2019-03-05
2951,SÃO PAULO,355030833A,SP,AC Central de SP,-46.635987,-23.543311,2019-03-05 01:20:00,0.2,01:20,2019-03-05
2952,SÃO PAULO,355030833A,SP,AC Central de SP,-46.635987,-23.543311,2019-03-05 01:50:00,0.0,01:50,2019-03-05
2953,SÃO PAULO,355030833A,SP,AC Central de SP,-46.635987,-23.543311,2019-03-05 02:00:00,0.2,02:00,2019-03-05
2954,SÃO PAULO,355030833A,SP,AC Central de SP,-46.635987,-23.543311,2019-03-05 02:30:00,0.2,02:30,2019-03-05
2955,SÃO PAULO,355030833A,SP,AC Central de SP,-46.635987,-23.543311,2019-03-05 02:50:00,0.0,02:50,2019-03-05
2956,SÃO PAULO,355030833A,SP,AC Central de SP,-46.635987,-23.543311,2019-03-05 03:10:00,0.2,03:10,2019-03-05
2957,SÃO PAULO,355030833A,SP,AC Central de SP,-46.635987,-23.543311,2019-03-05 03:40:00,0.2,03:40,2019-03-05
2958,SÃO PAULO,355030833A,SP,AC Central de SP,-46.635987,-23.543311,2019-03-05 03:50:00,0.0,03:50,2019-03-05
2959,SÃO PAULO,355030833A,SP,AC Central de SP,-46.635987,-23.543311,2019-03-05 04:10:00,0.2,04:10,2019-03-05
2960,SÃO PAULO,355030833A,SP,AC Central de SP,-46.635987,-23.543311,2019-03-05 04:40:00,0.2,04:40,2019-03-05
2961,SÃO PAULO,355030833A,SP,AC Central de SP,-46.635987,-23.543311,2019-03-05 04:50:00,0.0,04:50,2019-03-05
2962,SÃO PAULO,355030833A,SP,AC Central de SP,-46.635987,-23.543311,2019-03-05 05:10:00,0.2,05:10,2019-03-05
2963,SÃO PAULO,355030833A,SP,AC Central de SP,-46.635987,-23.543311,2019-03-05 05:50:00,0.2,05:50,2019-03-05
2964,SÃO PAULO,355030833A,SP,AC Central de SP,-46.635987,-23.543311,2019-03-05 06:00:00,0.0,06:00,2019-03-05
2965,SÃO PAULO,355030833A,SP,AC Central de SP,-46.635987,-23.543311,2019-03-05 06:10:00,0.2,06:10,2019-03-05
2966,SÃO PAULO,355030833A,SP,AC Central de SP,-46.635987,-23.543311,2019-03-05 06:30:00,0.2,06:30,2019-03-05
2967,SÃO PAULO,355030833A,SP,AC Central de SP,-46.635987,-23.543311,2019-03-05 06:50:00,0.2,06:50,2019-03-05
2968,SÃO PAULO,355030833A,SP,AC Central de SP,-46.635987,-23.543311,2019-03-05 07:10:00,0.2,07:10,2019-03-05
2969,SÃO PAULO,355030833A,SP,AC Central de SP,-46.635987,-23.543311,2019-03-05 07:20:00,0.2,07:20,2019-03-05
2970,SÃO PAULO,355030833A,SP,AC Central de SP,-46.635987,-23.543311,2019-03-05 07:50:00,0.2,07:50,2019-03-05
2971,SÃO PAULO,355030833A,SP,AC Central de SP,-46.635987,-23.543311,2019-03-05 08:10:00,0.2,08:10,2019-03-05
2972,SÃO PAULO,355030833A,SP,AC Central de SP,-46.635987,-23.543311,2019-03-05 08:30:00,0.2,08:30,2019-03-05
2973,SÃO PAULO,355030833A,SP,AC Central de SP,-46.635987,-23.543311,2019-03-05 08:40:00,0.2,08:40,2019-03-05
2974,SÃO PAULO,355030833A,SP,AC Central de SP,-46.635987,-23.543311,2019-03-05 09:00:00,0.2,09:00,2019-03-05
2975,SÃO PAULO,355030833A,SP,AC Central de SP,-46.635987,-23.543311,2019-03-05 09:20:00,0.2,09:20,2019-03-05
2976,SÃO PAULO,355030833A,SP,AC Central de SP,-46.635987,-23.543311,2019-03-05 09:40:00,0.2,09:40,2019-03-05
2977,SÃO PAULO,355030833A,SP,AC Central de SP,-46.635987,-23.543311,2019-03-05 09:50:00,0.0,09:50,2019-03-05
2978,SÃO PAULO,355030833A,SP,AC Central de SP,-46.635987,-23.543311,2019-03-05 10:00:00,0.2,10:00,2019-03-05
2979,SÃO PAULO,355030833A,SP,AC Central de SP,-46.635987,-23.543311,2019-03-05 10:20:00,0.2,10:20,2019-03-05
2980,SÃO PAULO,355030833A,SP,AC Central de SP,-46.635987,-23.543311,2019-03-05 10:40:00,0.2,10:40,2019-03-05
2981,SÃO PAULO,355030833A,SP,AC Central de SP,-46.635987,-23.543311,2019-03-05 10:50:00,0.0,10:50,2019-03-05
2982,SÃO PAULO,355030833A,SP,AC Central de SP,-46.635987,-23.543311,2019-03-05 11:00:00,0.2,11:00,2019-03-05
2983,SÃO PAULO,355030833A,SP,AC Central de SP,-46.635987,-23.543311,2019-03-05 11:40:00,0.2,11:40,2019-03-05
2984,SÃO PAULO,355030833A,SP,AC Central de SP,-46.635987,-23.543311,2019-03-05 11:50:00,0.0,11:50,2019-03-05
2985,SÃO PAULO,355030833A,SP,AC Central de SP,-46.635987,-23.543311,2019-03-05 12:20:00,0.2,12:20,2019-03-05
2986,SÃO PAULO,355030833A,SP,AC Central de SP,-46.635987,-23.543311,2019-03-05 12:50:00,0.2,12:50,2019-03-05
2987,SÃO PAULO,355030833A,SP,AC Central de SP,-46.635987,-23.543311,2019-03-05 13:20:00,0.2,13:20,2019-03-05
2988,SÃO PAULO,355030833A,SP,AC Central de SP,-46.635987,-23.543311,2019-03-05 13:40:00,0.2,13:40,2019-03-05
2989,SÃO PAULO,355030833A,SP,AC Central de SP,-46.635987,-23.543311,2019-03-05 13:50:00,0.0,13:50,2019-03-05
2990,SÃO PAULO,355030833A,SP,AC Central de SP,-46.635987,-23.543311,2019-03-05 14:00:00,0.2,14:00,2019-03-05
2991,SÃO PAULO,355030833A,SP,AC Central de SP,-46.635987,-23.543311,2019-03-05 14:20:00,0.2,14:20,2019-03-05
2992,SÃO PAULO,355030833A,SP,AC Central de SP,-46.635987,-23.543311,2019-03-05 14:30:00,0.2,14:30,2019-03-05
2993,SÃO PAULO,355030833A,SP,AC Central de SP,-46.635987,-23.543311,2019-03-05 14:40:00,0.2,14:40,2019-03-05
2994,SÃO PAULO,355030833A,SP,AC Central de SP,-46.635987,-23.543311,2019-03-05 14:50:00,0.2,14:50,2019-03-05
2995,SÃO PAULO,355030833A,SP,AC Central de SP,-46.635987,-23.543311,2019-03-05 15:00:00,0.2,15:00,2019-03-05
2996,SÃO PAULO,355030833A,SP,AC Central de SP,-46.635987,-23.543311,2019-03-05 15:10:00,0.39,15:10,2019-03-05
2997,SÃO PAULO,355030833A,SP,AC Central de SP,-46.635987,-23.543311,2019-03-05 15:20:00,0.2,15:20,2019-03-05
2998,SÃO PAULO,355030833A,SP,AC Central de SP,-46.635987,-23.543311,2019-03-05 15:30:00,0.2,15:30,2019-03-05
2999,SÃO PAULO,355030833A,SP,AC Central de SP,-46.635987,-23.543311,2019-03-05 15:40:00,0.2,15:40,2019-03-05
3000,SÃO PAULO,355030833A,SP,AC Central de SP,-46.635987,-23.543311,2019-03-05 15:50:00,0.2,15:50,2019-03-05
3001,SÃO PAULO,355030833A,SP,AC Central de SP,-46.635987,-23.543311,2019-03-05 16:00:00,0.39,16:00,2019-03-05
3002,SÃO PAULO,355030833A,SP,AC Central de SP,-46.635987,-23.543311,2019-03-05 16:10:00,0.2,16:10,2019-03-05
3003,SÃO PAULO,355030833A,SP,AC Central de SP,-46.635987,-23.543311,2019-03-05 16:20:00,0.2,16:20,2019-03-05
3004,SÃO PAULO,355030833A,SP,AC Central de SP,-46.635987,-23.543311,2019-03-05 16:30:00,0.2,16:30,2019-03-05
3005,SÃO PAULO,355030833A,SP,AC Central de SP,-46.635987,-23.543311,2019-03-05 16:40:00,0.2,16:40,2019-03-05
3006,SÃO PAULO,355030833A,SP,AC Central de SP,-46.635987,-23.543311,2019-03-05 16:50:00,0.2,16:50,2019-03-05
3007,SÃO PAULO,355030833A,SP,AC Central de SP,-46.635987,-23.543311,2019-03-05 17:00:00,0.2,17:00,2019-03-05
3008,SÃO PAULO,355030833A,SP,AC Central de SP,-46.635987,-23.543311,2019-03-05 17:10:00,0.2,17:10,2019-03-05
3009,SÃO PAULO,355030833A,SP,AC Central de SP,-46.635987,-23.543311,2019-03-05 17:20:00,0.2,17:20,2019-03-05
3010,SÃO PAULO,355030833A,SP,AC Central de SP,-46.635987,-23.543311,2019-03-05 17:30:00,0.39,17:30,2019-03-05
3011,SÃO PAULO,355030833A,SP,AC Central de SP,-46.635987,-23.543311,2019-03-05 17:40:00,0.2,17:40,2019-03-05
3012,SÃO PAULO,355030833A,SP,AC Central de SP,-46.635987,-23.543311,2019-03-05 17:50:00,0.2,17:50,2019-03-05
3013,SÃO PAULO,355030833A,SP,AC Central de SP,-46.635987,-23.543311,2019-03-05 18:00:00,0.2,18:00,2019-03-05
3014,SÃO PAULO,355030833A,SP,AC Central de SP,-46.635987,-23.543311,2019-03-05 18:10:00,0.2,18:10,2019-03-05
3015,SÃO PAULO,355030833A,SP,AC Central de SP,-46.635987,-23.543311,2019-03-05 18:20:00,0.2,18:20,2019-03-05
3016,SÃO PAULO,355030833A,SP,AC Central de SP,-46.635987,-23.543311,2019-03-05 18:30:00,0.2,18:30,2019-03-05
3017,SÃO PAULO,355030833A,SP,AC Central de SP,-46.635987,-23.543311,2019-03-05 18:40:00,0.2,18:40,2019-03-05
3018,SÃO PAULO,355030833A,SP,AC Central de SP,-46.635987,-23.543311,2019-03-05 18:50:00,0.2,18:50,2019-03-05
3019,SÃO PAULO,355030833A,SP,AC Central de SP,-46.635987,-23.543311,2019-03-05 19:00:00,0.2,19:00,2019-03-05
3020,SÃO PAULO,355030833A,SP,AC Central de SP,-46.635987,-23.543311,2019-03-05 19:10:00,0.2,19:10,2019-03-05
3021,SÃO PAULO,355030833A,SP,AC Central de SP,-46.635987,-23.543311,2019-03-05 19:20:00,0.2,19:20,2019-03-05
3022,SÃO PAULO,355030833A,SP,AC Central de SP,-46.635987,-23.543311,2019-03-05 19:30:00,0.39,19:30,2019-03-05
3023,SÃO PAULO,355030833A,SP,AC Central de SP,-46.635987,-23.543311,2019-03-05 19:40:00,0.2,19:40,2019-03-05
3024,SÃO PAULO,355030833A,SP,AC Central de SP,-46.635987,-23.543311,2019-03-05 19:50:00,0.2,19:50,2019-03-05
3025,SÃO PAULO,355030833A,SP,AC Central de SP,-46.635987,-23.543311,2019-03-05 20:00:00,0.2,20:00,2019-03-05
3026,SÃO PAULO,355030833A,SP,AC Central de SP,-46.635987,-23.543311,2019-03-05 20:10:00,0.2,20:10,2019-03-05
3027,SÃO PAULO,355030833A,SP,AC Central de SP,-46.635987,-23.543311,2019-03-05 20:20:00,0.2,20:20,2019-03-05
3028,SÃO PAULO,355030833A,SP,AC Central de SP,-46.635987,-23.543311,2019-03-05 20:30:00,0.2,20:30,2019-03-05
3029,SÃO PAULO,355030833A,SP,AC Central de SP,-46.635987,-23.543311,2019-03-05 20:40:00,0.2,20:40,2019-03-05
3030,SÃO PAULO,355030833A,SP,AC Central de SP,-46.635987,-23.543311,2019-03-05 20:50:00,0.2,20:50,2019-03-05
3031,SÃO PAULO,355030833A,SP,AC Central de SP,-46.635987,-23.543311,2019-03-05 21:30:00,0.2,21:30,2019-03-05
3032,SÃO PAULO,355030833A,SP,AC Central de SP,-46.635987,-23.543311,2019-03-05 21:50:00,0.0,21:50,2019-03-05
3033,SÃO PAULO,355030833A,SP,AC Central de SP,-46.635987,-23.543311,2019-03-05 22:10:00,0.2,22:10,2019-03-05
3034,SÃO PAULO,355030833A,SP,AC Central de SP,-46.635987,-23.543311,2019-03-05 22:40:00,0.2,22:40,2019-03-05
3035,SÃO PAULO,355030833A,SP,AC Central de SP,-46.635987,-23.543311,2019-03-05 22:50:00,0.0,22:50,2019-03-05
3036,SÃO PAULO,355030833A,SP,AC Central de SP,-46.635987,-23.543311,2019-03-05 23:30:00,0.2,23:30,2019-03-05
3037,SÃO PAULO,355030833A,SP,AC Central de SP,-46.635987,-23.543311,2019-03-05 23:50:00,0.0,23:50,2019-03-05
3038,SÃO PAULO,355030833A,SP,AC Central de SP,-46.635987,-23.543311,2019-03-06 00:30:00,0.2,00:30,2019-03-06
3039,SÃO PAULO,355030833A,SP,AC Central de SP,-46.635987,-23.543311,2019-03-06 00:50:00,0.0,00:50,2019-03-06
3040,SÃO PAULO,355030833A,SP,AC Central de SP,-46.635987,-23.543311,2019-03-06 01:00:00,0.2,01:00,2019-03-06
3041,SÃO PAULO,355030833A,SP,AC Central de SP,-46.635987,-23.543311,2019-03-06 01:20:00,0.2,01:20,2019-03-06
3042,SÃO PAULO,355030833A,SP,AC Central de SP,-46.635987,-23.543311,2019-03-06 01:50:00,0.2,01:50,2019-03-06
3043,SÃO PAULO,355030833A,SP,AC Central de SP,-46.635987,-23.543311,2019-03-06 02:10:00,0.2,02:10,2019-03-06
3044,SÃO PAULO,355030833A,SP,AC Central de SP,-46.635987,-23.543311,2019-03-06 02:40:00,0.2,02:40,2019-03-06
3045,SÃO PAULO,355030833A,SP,AC Central de SP,-46.635987,-23.543311,2019-03-06 02:50:00,0.0,02:50,2019-03-06
3046,SÃO PAULO,355030833A,SP,AC Central de SP,-46.635987,-23.543311,2019-03-06 03:00:00,0.2,03:00,2019-03-06
3047,SÃO PAULO,355030833A,SP,AC Central de SP,-46.635987,-23.543311,2019-03-06 03:30:00,0.2,03:30,2019-03-06
3048,SÃO PAULO,355030833A,SP,AC Central de SP,-46.635987,-23.543311,2019-03-06 03:50:00,0.0,03:50,2019-03-06
3049,SÃO PAULO,355030833A,SP,AC Central de SP,-46.635987,-23.543311,2019-03-06 04:00:00,0.2,04:00,2019-03-06
3050,SÃO PAULO,355030833A,SP,AC Central de SP,-46.635987,-23.543311,2019-03-06 04:20:00,0.2,04:20,2019-03-06
3051,SÃO PAULO,355030833A,SP,AC Central de SP,-46.635987,-23.543311,2019-03-06 04:50:00,0.2,04:50,2019-03-06
3052,SÃO PAULO,355030833A,SP,AC Central de SP,-46.635987,-23.543311,2019-03-06 05:10:00,0.2,05:10,2019-03-06
3053,SÃO PAULO,355030833A,SP,AC Central de SP,-46.635987,-23.543311,2019-03-06 05:40:00,0.2,05:40,2019-03-06
3054,SÃO PAULO,355030833A,SP,AC Central de SP,-46.635987,-23.543311,2019-03-06 05:50:00,0.0,05:50,2019-03-06
3055,SÃO PAULO,355030833A,SP,AC Central de SP,-46.635987,-23.543311,2019-03-06 06:00:00,0.2,06:00,2019-03-06
3056,SÃO PAULO,355030833A,SP,AC Central de SP,-46.635987,-23.543311,2019-03-06 06:30:00,0.2,06:30,2019-03-06
3057,SÃO PAULO,355030833A,SP,AC Central de SP,-46.635987,-23.543311,2019-03-06 06:50:00,0.2,06:50,2019-03-06
3058,SÃO PAULO,355030833A,SP,AC Central de SP,-46.635987,-23.543311,2019-03-06 07:20:00,0.2,07:20,2019-03-06
3059,SÃO PAULO,355030833A,SP,AC Central de SP,-46.635987,-23.543311,2019-03-06 07:40:00,0.2,07:40,2019-03-06
3060,SÃO PAULO,355030833A,SP,AC Central de SP,-46.635987,-23.543311,2019-03-06 07:50:00,0.0,07:50,2019-03-06
3061,SÃO PAULO,355030833A,SP,AC Central de SP,-46.635987,-23.543311,2019-03-06 08:10:00,0.2,08:10,2019-03-06
3062,SÃO PAULO,355030833A,SP,AC Central de SP,-46.635987,-23.543311,2019-03-06 08:30:00,0.2,08:30,2019-03-06
3063,SÃO PAULO,355030833A,SP,AC Central de SP,-46.635987,-23.543311,2019-03-06 08:50:00,0.0,08:50,2019-03-06
3064,SÃO PAULO,355030833A,SP,AC Central de SP,-46.635987,-23.543311,2019-03-06 09:00:00,0.2,09:00,2019-03-06
3065,SÃO PAULO,355030833A,SP,AC Central de SP,-46.635987,-23.543311,2019-03-06 09:20:00,0.2,09:20,2019-03-06
3066,SÃO PAULO,355030833A,SP,AC Central de SP,-46.635987,-23.543311,2019-03-06 09:50:00,0.2,09:50,2019-03-06
3067,SÃO PAULO,355030833A,SP,AC Central de SP,-46.635987,-23.543311,2019-03-06 10:20:00,0.2,10:20,2019-03-06
3068,SÃO PAULO,355030833A,SP,AC Central de SP,-46.635987,-23.543311,2019-03-06 10:40:00,0.2,10:40,2019-03-06
3069,SÃO PAULO,355030833A,SP,AC Central de SP,-46.635987,-23.543311,2019-03-06 10:50:00,0.0,10:50,2019-03-06
3070,SÃO PAULO,355030833A,SP,AC Central de SP,-46.635987,-23.543311,2019-03-06 11:00:00,0.2,11:00,2019-03-06
3071,SÃO PAULO,355030833A,SP,AC Central de SP,-46.635987,-23.543311,2019-03-06 11:30:00,0.2,11:30,2019-03-06
3072,SÃO PAULO,355030833A,SP,AC Central de SP,-46.635987,-23.543311,2019-03-06 11:50:00,0.2,11:50,2019-03-06
3073,SÃO PAULO,355030833A,SP,AC Central de SP,-46.635987,-23.543311,2019-03-06 12:10:00,0.2,12:10,2019-03-06
3074,SÃO PAULO,355030833A,SP,AC Central de SP,-46.635987,-23.543311,2019-03-06 12:30:00,0.2,12:30,2019-03-06
3075,SÃO PAULO,355030833A,SP,AC Central de SP,-46.635987,-23.543311,2019-03-06 12:50:00,0.2,12:50,2019-03-06
3076,SÃO PAULO,355030833A,SP,AC Central de SP,-46.635987,-23.543311,2019-03-06 13:00:00,0.2,13:00,2019-03-06
3077,SÃO PAULO,355030833A,SP,AC Central de SP,-46.635987,-23.543311,2019-03-06 13:10:00,0.2,13:10,2019-03-06
3078,SÃO PAULO,355030833A,SP,AC Central de SP,-46.635987,-23.543311,2019-03-06 13:20:00,0.2,13:20,2019-03-06
3079,SÃO PAULO,355030833A,SP,AC Central de SP,-46.635987,-23.543311,2019-03-06 13:30:00,0.2,13:30,2019-03-06
3080,SÃO PAULO,355030833A,SP,AC Central de SP,-46.635987,-23.543311,2019-03-06 13:40:00,0.2,13:40,2019-03-06
3081,SÃO PAULO,355030833A,SP,AC Central de SP,-46.635987,-23.543311,2019-03-06 13:50:00,0.39,13:50,2019-03-06
3082,SÃO PAULO,355030833A,SP,AC Central de SP,-46.635987,-23.543311,2019-03-06 14:00:00,0.2,14:00,2019-03-06
3083,SÃO PAULO,355030833A,SP,AC Central de SP,-46.635987,-23.543311,2019-03-06 14:10:00,0.39,14:10,2019-03-06
3084,SÃO PAULO,355030833A,SP,AC Central de SP,-46.635987,-23.543311,2019-03-06 14:20:00,0.2,14:20,2019-03-06
3085,SÃO PAULO,355030833A,SP,AC Central de SP,-46.635987,-23.543311,2019-03-06 14:30:00,0.39,14:30,2019-03-06
3086,SÃO PAULO,355030833A,SP,AC Central de SP,-46.635987,-23.543311,2019-03-06 14:40:00,0.39,14:40,2019-03-06
3087,SÃO PAULO,355030833A,SP,AC Central de SP,-46.635987,-23.543311,2019-03-06 14:50:00,0.2,14:50,2019-03-06
3088,SÃO PAULO,355030833A,SP,AC Central de SP,-46.635987,-23.543311,2019-03-06 15:00:00,0.39,15:00,2019-03-06
3089,SÃO PAULO,355030833A,SP,AC Central de SP,-46.635987,-23.543311,2019-03-06 15:10:00,0.39,15:10,2019-03-06
3090,SÃO PAULO,355030833A,SP,AC Central de SP,-46.635987,-23.543311,2019-03-06 15:20:00,0.2,15:20,2019-03-06
3091,SÃO PAULO,355030833A,SP,AC Central de SP,-46.635987,-23.543311,2019-03-06 15:30:00,0.39,15:30,2019-03-06
3092,SÃO PAULO,355030833A,SP,AC Central de SP,-46.635987,-23.543311,2019-03-06 15:40:00,0.39,15:40,2019-03-06
3093,SÃO PAULO,355030833A,SP,AC Central de SP,-46.635987,-23.543311,2019-03-06 15:50:00,0.39,15:50,2019-03-06
3094,SÃO PAULO,355030833A,SP,AC Central de SP,-46.635987,-23.543311,2019-03-06 16:00:00,0.2,16:00,2019-03-06
3095,SÃO PAULO,355030833A,SP,AC Central de SP,-46.635987,-23.543311,2019-03-06 16:10:00,0.39,16:10,2019-03-06
3096,SÃO PAULO,355030833A,SP,AC Central de SP,-46.635987,-23.543311,2019-03-06 16:20:00,0.39,16:20,2019-03-06
3097,SÃO PAULO,355030833A,SP,AC Central de SP,-46.635987,-23.543311,2019-03-06 16:30:00,0.2,16:30,2019-03-06
3098,SÃO PAULO,355030833A,SP,AC Central de SP,-46.635987,-23.543311,2019-03-06 16:40:00,0.39,16:40,2019-03-06
3099,SÃO PAULO,355030833A,SP,AC Central de SP,-46.635987,-23.543311,2019-03-06 16:50:00,0.39,16:50,2019-03-06
3100,SÃO PAULO,355030833A,SP,AC Central de SP,-46.635987,-23.543311,2019-03-06 17:00:00,0.2,17:00,2019-03-06
3101,SÃO PAULO,355030833A,SP,AC Central de SP,-46.635987,-23.543311,2019-03-06 17:10:00,0.39,17:10,2019-03-06
3102,SÃO PAULO,355030833A,SP,AC Central de SP,-46.635987,-23.543311,2019-03-06 17:20:00,0.39,17:20,2019-03-06
3103,SÃO PAULO,355030833A,SP,AC Central de SP,-46.635987,-23.543311,2019-03-06 17:30:00,0.2,17:30,2019-03-06
3104,SÃO PAULO,355030833A,SP,AC Central de SP,-46.635987,-23.543311,2019-03-06 17:40:00,0.39,17:40,2019-03-06
3105,SÃO PAULO,355030833A,SP,AC Central de SP,-46.635987,-23.543311,2019-03-06 17:50:00,0.39,17:50,2019-03-06
3106,SÃO PAULO,355030833A,SP,AC Central de SP,-46.635987,-23.543311,2019-03-06 18:00:00,0.2,18:00,2019-03-06
3107,SÃO PAULO,355030833A,SP,AC Central de SP,-46.635987,-23.543311,2019-03-06 18:10:00,0.39,18:10,2019-03-06
3108,SÃO PAULO,355030833A,SP,AC Central de SP,-46.635987,-23.543311,2019-03-06 18:20:00,0.39,18:20,2019-03-06
3109,SÃO PAULO,355030833A,SP,AC Central de SP,-46.635987,-23.543311,2019-03-06 18:40:00,0.2,18:40,2019-03-06
3110,SÃO PAULO,355030833A,SP,AC Central de SP,-46.635987,-23.543311,2019-03-06 18:50:00,0.2,18:50,2019-03-06
3111,SÃO PAULO,355030833A,SP,AC Central de SP,-46.635987,-23.543311,2019-03-06 19:10:00,0.2,19:10,2019-03-06
3112,SÃO PAULO,355030833A,SP,AC Central de SP,-46.635987,-23.543311,2019-03-06 19:20:00,0.2,19:20,2019-03-06
3113,SÃO PAULO,355030833A,SP,AC Central de SP,-46.635987,-23.543311,2019-03-06 19:40:00,0.2,19:40,2019-03-06
3114,SÃO PAULO,355030833A,SP,AC Central de SP,-46.635987,-23.543311,2019-03-06 19:50:00,0.2,19:50,2019-03-06
3115,SÃO PAULO,355030833A,SP,AC Central de SP,-46.635987,-23.543311,2019-03-06 20:10:00,0.2,20:10,2019-03-06
3116,SÃO PAULO,355030833A,SP,AC Central de SP,-46.635987,-23.543311,2019-03-06 20:20:00,0.2,20:20,2019-03-06
3117,SÃO PAULO,355030833A,SP,AC Central de SP,-46.635987,-23.543311,2019-03-06 20:30:00,0.2,20:30,2019-03-06
3118,SÃO PAULO,355030833A,SP,AC Central de SP,-46.635987,-23.543311,2019-03-06 20:40:00,0.2,20:40,2019-03-06
3119,SÃO PAULO,355030833A,SP,AC Central de SP,-46.635987,-23.543311,2019-03-06 20:50:00,0.0,20:50,2019-03-06
3120,SÃO PAULO,355030833A,SP,AC Central de SP,-46.635987,-23.543311,2019-03-06 21:00:00,0.2,21:00,2019-03-06
3121,SÃO PAULO,355030833A,SP,AC Central de SP,-46.635987,-23.543311,2019-03-06 21:10:00,0.2,21:10,2019-03-06
3122,SÃO PAULO,355030833A,SP,AC Central de SP,-46.635987,-23.543311,2019-03-06 21:30:00,0.2,21:30,2019-03-06
3123,SÃO PAULO,355030833A,SP,AC Central de SP,-46.635987,-23.543311,2019-03-06 21:50:00,0.2,21:50,2019-03-06
3124,SÃO PAULO,355030833A,SP,AC Central de SP,-46.635987,-23.543311,2019-03-06 22:00:00,0.2,22:00,2019-03-06
3125,SÃO PAULO,355030833A,SP,AC Central de SP,-46.635987,-23.543311,2019-03-06 22:20:00,0.2,22:20,2019-03-06
3126,SÃO PAULO,355030833A,SP,AC Central de SP,-46.635987,-23.543311,2019-03-06 22:30:00,0.2,22:30,2019-03-06
3127,SÃO PAULO,355030833A,SP,AC Central de SP,-46.635987,-23.543311,2019-03-06 22:50:00,0.2,22:50,2019-03-06
3128,SÃO PAULO,355030833A,SP,AC Central de SP,-46.635987,-23.543311,2019-03-06 23:00:00,0.2,23:00,2019-03-06
3129,SÃO PAULO,355030833A,SP,AC Central de SP,-46.635987,-23.543311,2019-03-06 23:20:00,0.2,23:20,2019-03-06
3130,SÃO PAULO,355030833A,SP,AC Central de SP,-46.635987,-23.543311,2019-03-06 23:30:00,0.2,23:30,2019-03-06
3131,SÃO PAULO,355030833A,SP,AC Central de SP,-46.635987,-23.543311,2019-03-06 23:40:00,0.2,23:40,2019-03-06
3132,SÃO PAULO,355030833A,SP,AC Central de SP,-46.635987,-23.543311,2019-03-07 00:00:00,0.2,00:00,2019-03-07
3133,SÃO PAULO,355030833A,SP,AC Central de SP,-46.635987,-23.543311,2019-03-07 00:20:00,0.2,00:20,2019-03-07
3134,SÃO PAULO,355030833A,SP,AC Central de SP,-46.635987,-23.543311,2019-03-07 00:30:00,0.2,00:30,2019-03-07
3135,SÃO PAULO,355030833A,SP,AC Central de SP,-46.635987,-23.543311,2019-03-07 00:50:00,0.2,00:50,2019-03-07
3136,SÃO PAULO,355030833A,SP,AC Central de SP,-46.635987,-23.543311,2019-03-07 01:00:00,0.2,01:00,2019-03-07
3137,SÃO PAULO,355030833A,SP,AC Central de SP,-46.635987,-23.543311,2019-03-07 01:10:00,0.2,01:10,2019-03-07
3138,SÃO PAULO,355030833A,SP,AC Central de SP,-46.635987,-23.543311,2019-03-07 01:30:00,0.2,01:30,2019-03-07
3139,SÃO PAULO,355030833A,SP,AC Central de SP,-46.635987,-23.543311,2019-03-07 01:40:00,0.2,01:40,2019-03-07
3140,SÃO PAULO,355030833A,SP,AC Central de SP,-46.635987,-23.543311,2019-03-07 01:50:00,0.2,01:50,2019-03-07
3141,SÃO PAULO,355030833A,SP,AC Central de SP,-46.635987,-23.543311,2019-03-07 02:10:00,0.2,02:10,2019-03-07
3142,SÃO PAULO,355030833A,SP,AC Central de SP,-46.635987,-23.543311,2019-03-07 02:20:00,0.2,02:20,2019-03-07
3143,SÃO PAULO,355030833A,SP,AC Central de SP,-46.635987,-23.543311,2019-03-07 02:30:00,0.2,02:30,2019-03-07
3144,SÃO PAULO,355030833A,SP,AC Central de SP,-46.635987,-23.543311,2019-03-07 02:40:00,0.2,02:40,2019-03-07
3145,SÃO PAULO,355030833A,SP,AC Central de SP,-46.635987,-23.543311,2019-03-07 02:50:00,0.2,02:50,2019-03-07
3146,SÃO PAULO,355030833A,SP,AC Central de SP,-46.635987,-23.543311,2019-03-07 03:00:00,0.2,03:00,2019-03-07
3147,SÃO PAULO,355030833A,SP,AC Central de SP,-46.635987,-23.543311,2019-03-07 03:20:00,0.2,03:20,2019-03-07
3148,SÃO PAULO,355030833A,SP,AC Central de SP,-46.635987,-23.543311,2019-03-07 03:30:00,0.2,03:30,2019-03-07
3149,SÃO PAULO,355030833A,SP,AC Central de SP,-46.635987,-23.543311,2019-03-07 03:40:00,0.2,03:40,2019-03-07
3150,SÃO PAULO,355030833A,SP,AC Central de SP,-46.635987,-23.543311,2019-03-07 03:50:00,0.2,03:50,2019-03-07
3151,SÃO PAULO,355030833A,SP,AC Central de SP,-46.635987,-23.543311,2019-03-07 04:10:00,0.2,04:10,2019-03-07
3152,SÃO PAULO,355030833A,SP,AC Central de SP,-46.635987,-23.543311,2019-03-07 04:20:00,0.2,04:20,2019-03-07
3153,SÃO PAULO,355030833A,SP,AC Central de SP,-46.635987,-23.543311,2019-03-07 04:30:00,0.2,04:30,2019-03-07
3154,SÃO PAULO,355030833A,SP,AC Central de SP,-46.635987,-23.543311,2019-03-07 04:40:00,0.2,04:40,2019-03-07
3155,SÃO PAULO,355030833A,SP,AC Central de SP,-46.635987,-23.543311,2019-03-07 04:50:00,0.2,04:50,2019-03-07
3156,SÃO PAULO,355030833A,SP,AC Central de SP,-46.635987,-23.543311,2019-03-07 05:00:00,0.2,05:00,2019-03-07
3157,SÃO PAULO,355030833A,SP,AC Central de SP,-46.635987,-23.543311,2019-03-07 05:10:00,0.2,05:10,2019-03-07
3158,SÃO PAULO,355030833A,SP,AC Central de SP,-46.635987,-23.543311,2019-03-07 05:20:00,0.2,05:20,2019-03-07
3159,SÃO PAULO,355030833A,SP,AC Central de SP,-46.635987,-23.543311,2019-03-07 05:30:00,0.2,05:30,2019-03-07
3160,SÃO PAULO,355030833A,SP,AC Central de SP,-46.635987,-23.543311,2019-03-07 05:40:00,0.2,05:40,2019-03-07
3161,SÃO PAULO,355030833A,SP,AC Central de SP,-46.635987,-23.543311,2019-03-07 06:00:00,0.2,06:00,2019-03-07
3162,SÃO PAULO,355030833A,SP,AC Central de SP,-46.635987,-23.543311,2019-03-07 06:10:00,0.2,06:10,2019-03-07
3163,SÃO PAULO,355030833A,SP,AC Central de SP,-46.635987,-23.543311,2019-03-07 06:20:00,0.2,06:20,2019-03-07
3164,SÃO PAULO,355030833A,SP,AC Central de SP,-46.635987,-23.543311,2019-03-07 06:30:00,0.2,06:30,2019-03-07
3165,SÃO PAULO,355030833A,SP,AC Central de SP,-46.635987,-23.543311,2019-03-07 06:40:00,0.2,06:40,2019-03-07
3166,SÃO PAULO,355030833A,SP,AC Central de SP,-46.635987,-23.543311,2019-03-07 06:50:00,0.39,06:50,2019-03-07
3167,SÃO PAULO,355030833A,SP,AC Central de SP,-46.635987,-23.543311,2019-03-07 07:00:00,0.2,07:00,2019-03-07
3168,SÃO PAULO,355030833A,SP,AC Central de SP,-46.635987,-23.543311,2019-03-07 07:20:00,0.2,07:20,2019-03-07
3169,SÃO PAULO,355030833A,SP,AC Central de SP,-46.635987,-23.543311,2019-03-07 07:30:00,0.2,07:30,2019-03-07
3170,SÃO PAULO,355030833A,SP,AC Central de SP,-46.635987,-23.543311,2019-03-07 07:40:00,0.2,07:40,2019-03-07
3171,SÃO PAULO,355030833A,SP,AC Central de SP,-46.635987,-23.543311,2019-03-07 07:50:00,0.2,07:50,2019-03-07
3172,SÃO PAULO,355030833A,SP,AC Central de SP,-46.635987,-23.543311,2019-03-07 08:00:00,0.2,08:00,2019-03-07
3173,SÃO PAULO,355030833A,SP,AC Central de SP,-46.635987,-23.543311,2019-03-07 08:10:00,0.2,08:10,2019-03-07
3174,SÃO PAULO,355030833A,SP,AC Central de SP,-46.635987,-23.543311,2019-03-07 08:20:00,0.2,08:20,2019-03-07
3175,SÃO PAULO,355030833A,SP,AC Central de SP,-46.635987,-23.543311,2019-03-07 08:40:00,0.2,08:40,2019-03-07
3176,SÃO PAULO,355030833A,SP,AC Central de SP,-46.635987,-23.543311,2019-03-07 08:50:00,0.2,08:50,2019-03-07
3177,SÃO PAULO,355030833A,SP,AC Central de SP,-46.635987,-23.543311,2019-03-07 09:00:00,0.39,09:00,2019-03-07
3178,SÃO PAULO,355030833A,SP,AC Central de SP,-46.635987,-23.543311,2019-03-07 09:10:00,0.2,09:10,2019-03-07
3179,SÃO PAULO,355030833A,SP,AC Central de SP,-46.635987,-23.543311,2019-03-07 09:20:00,0.2,09:20,2019-03-07
3180,SÃO PAULO,355030833A,SP,AC Central de SP,-46.635987,-23.543311,2019-03-07 09:30:00,0.2,09:30,2019-03-07
3181,SÃO PAULO,355030833A,SP,AC Central de SP,-46.635987,-23.543311,2019-03-07 09:40:00,0.2,09:40,2019-03-07
3182,SÃO PAULO,355030833A,SP,AC Central de SP,-46.635987,-23.543311,2019-03-07 09:50:00,0.2,09:50,2019-03-07
3183,SÃO PAULO,355030833A,SP,AC Central de SP,-46.635987,-23.543311,2019-03-07 10:00:00,0.2,10:00,2019-03-07
3184,SÃO PAULO,355030833A,SP,AC Central de SP,-46.635987,-23.543311,2019-03-07 10:10:00,0.2,10:10,2019-03-07
3185,SÃO PAULO,355030833A,SP,AC Central de SP,-46.635987,-23.543311,2019-03-07 10:20:00,0.2,10:20,2019-03-07
3186,SÃO PAULO,355030833A,SP,AC Central de SP,-46.635987,-23.543311,2019-03-07 10:30:00,0.2,10:30,2019-03-07
3187,SÃO PAULO,355030833A,SP,AC Central de SP,-46.635987,-23.543311,2019-03-07 10:40:00,0.2,10:40,2019-03-07
3188,SÃO PAULO,355030833A,SP,AC Central de SP,-46.635987,-23.543311,2019-03-07 10:50:00,0.2,10:50,2019-03-07
3189,SÃO PAULO,355030833A,SP,AC Central de SP,-46.635987,-23.543311,2019-03-07 11:00:00,0.39,11:00,2019-03-07
3190,SÃO PAULO,355030833A,SP,AC Central de SP,-46.635987,-23.543311,2019-03-07 11:10:00,0.2,11:10,2019-03-07
3191,SÃO PAULO,355030833A,SP,AC Central de SP,-46.635987,-23.543311,2019-03-07 11:20:00,0.2,11:20,2019-03-07
3192,SÃO PAULO,355030833A,SP,AC Central de SP,-46.635987,-23.543311,2019-03-07 11:30:00,0.2,11:30,2019-03-07
3193,SÃO PAULO,355030833A,SP,AC Central de SP,-46.635987,-23.543311,2019-03-07 11:40:00,0.2,11:40,2019-03-07
3194,SÃO PAULO,355030833A,SP,AC Central de SP,-46.635987,-23.543311,2019-03-07 11:50:00,0.2,11:50,2019-03-07
3195,SÃO PAULO,355030833A,SP,AC Central de SP,-46.635987,-23.543311,2019-03-07 12:00:00,0.2,12:00,2019-03-07
3196,SÃO PAULO,355030833A,SP,AC Central de SP,-46.635987,-23.543311,2019-03-07 12:10:00,0.2,12:10,2019-03-07
3197,SÃO PAULO,355030833A,SP,AC Central de SP,-46.635987,-23.543311,2019-03-07 12:20:00,0.2,12:20,2019-03-07
3198,SÃO PAULO,355030833A,SP,AC Central de SP,-46.635987,-23.543311,2019-03-07 12:30:00,0.2,12:30,2019-03-07
3199,SÃO PAULO,355030833A,SP,AC Central de SP,-46.635987,-23.543311,2019-03-07 12:40:00,0.2,12:40,2019-03-07
3200,SÃO PAULO,355030833A,SP,AC Central de SP,-46.635987,-23.543311,2019-03-07 12:50:00,0.2,12:50,2019-03-07
3201,SÃO PAULO,355030833A,SP,AC Central de SP,-46.635987,-23.543311,2019-03-07 13:00:00,0.2,13:00,2019-03-07
3202,SÃO PAULO,355030833A,SP,AC Central de SP,-46.635987,-23.543311,2019-03-07 13:10:00,0.2,13:10,2019-03-07
3203,SÃO PAULO,355030833A,SP,AC Central de SP,-46.635987,-23.543311,2019-03-07 13:20:00,0.2,13:20,2019-03-07
3204,SÃO PAULO,355030833A,SP,AC Central de SP,-46.635987,-23.543311,2019-03-07 13:30:00,0.2,13:30,2019-03-07
3205,SÃO PAULO,355030833A,SP,AC Central de SP,-46.635987,-23.543311,2019-03-07 13:40:00,0.2,13:40,2019-03-07
3206,SÃO PAULO,355030833A,SP,AC Central de SP,-46.635987,-23.543311,2019-03-07 13:50:00,0.2,13:50,2019-03-07
3207,SÃO PAULO,355030833A,SP,AC Central de SP,-46.635987,-23.543311,2019-03-07 14:00:00,0.2,14:00,2019-03-07
3208,SÃO PAULO,355030833A,SP,AC Central de SP,-46.635987,-23.543311,2019-03-07 14:10:00,0.2,14:10,2019-03-07
3209,SÃO PAULO,355030833A,SP,AC Central de SP,-46.635987,-23.543311,2019-03-07 14:20:00,0.39,14:20,2019-03-07
3210,SÃO PAULO,355030833A,SP,AC Central de SP,-46.635987,-23.543311,2019-03-07 14:30:00,0.2,14:30,2019-03-07
3211,SÃO PAULO,355030833A,SP,AC Central de SP,-46.635987,-23.543311,2019-03-07 14:40:00,0.39,14:40,2019-03-07
3212,SÃO PAULO,355030833A,SP,AC Central de SP,-46.635987,-23.543311,2019-03-07 14:50:00,0.39,14:50,2019-03-07
3213,SÃO PAULO,355030833A,SP,AC Central de SP,-46.635987,-23.543311,2019-03-07 15:00:00,0.39,15:00,2019-03-07
3214,SÃO PAULO,355030833A,SP,AC Central de SP,-46.635987,-23.543311,2019-03-07 15:10:00,0.59,15:10,2019-03-07
3215,SÃO PAULO,355030833A,SP,AC Central de SP,-46.635987,-23.543311,2019-03-07 15:20:00,0.39,15:20,2019-03-07
3216,SÃO PAULO,355030833A,SP,AC Central de SP,-46.635987,-23.543311,2019-03-07 15:30:00,0.2,15:30,2019-03-07
3217,SÃO PAULO,355030833A,SP,AC Central de SP,-46.635987,-23.543311,2019-03-07 15:40:00,0.39,15:40,2019-03-07
3218,SÃO PAULO,355030833A,SP,AC Central de SP,-46.635987,-23.543311,2019-03-07 15:50:00,0.39,15:50,2019-03-07
3219,SÃO PAULO,355030833A,SP,AC Central de SP,-46.635987,-23.543311,2019-03-07 16:00:00,0.2,16:00,2019-03-07
3220,SÃO PAULO,355030833A,SP,AC Central de SP,-46.635987,-23.543311,2019-03-07 16:10:00,0.39,16:10,2019-03-07
3221,SÃO PAULO,355030833A,SP,AC Central de SP,-46.635987,-23.543311,2019-03-07 16:20:00,0.2,16:20,2019-03-07
3222,SÃO PAULO,355030833A,SP,AC Central de SP,-46.635987,-23.543311,2019-03-07 16:30:00,0.39,16:30,2019-03-07
3223,SÃO PAULO,355030833A,SP,AC Central de SP,-46.635987,-23.543311,2019-03-07 16:40:00,0.2,16:40,2019-03-07
3224,SÃO PAULO,355030833A,SP,AC Central de SP,-46.635987,-23.543311,2019-03-07 16:50:00,0.2,16:50,2019-03-07
3225,SÃO PAULO,355030833A,SP,AC Central de SP,-46.635987,-23.543311,2019-03-07 17:00:00,0.2,17:00,2019-03-07
3226,SÃO PAULO,355030833A,SP,AC Central de SP,-46.635987,-23.543311,2019-03-07 17:10:00,0.39,17:10,2019-03-07
3227,SÃO PAULO,355030833A,SP,AC Central de SP,-46.635987,-23.543311,2019-03-07 17:20:00,0.2,17:20,2019-03-07
3228,SÃO PAULO,355030833A,SP,AC Central de SP,-46.635987,-23.543311,2019-03-07 17:30:00,0.39,17:30,2019-03-07
3229,SÃO PAULO,355030833A,SP,AC Central de SP,-46.635987,-23.543311,2019-03-07 17:40:00,0.39,17:40,2019-03-07
3230,SÃO PAULO,355030833A,SP,AC Central de SP,-46.635987,-23.543311,2019-03-07 17:50:00,0.39,17:50,2019-03-07
3231,SÃO PAULO,355030833A,SP,AC Central de SP,-46.635987,-23.543311,2019-03-07 18:00:00,0.2,18:00,2019-03-07
3232,SÃO PAULO,355030833A,SP,AC Central de SP,-46.635987,-23.543311,2019-03-07 18:20:00,0.2,18:20,2019-03-07
3233,SÃO PAULO,355030833A,SP,AC Central de SP,-46.635987,-23.543311,2019-03-07 18:50:00,0.0,18:50,2019-03-07
3234,SÃO PAULO,355030833A,SP,AC Central de SP,-46.635987,-23.543311,2019-03-07 19:00:00,0.2,19:00,2019-03-07
3235,SÃO PAULO,355030833A,SP,AC Central de SP,-46.635987,-23.543311,2019-03-07 19:40:00,0.2,19:40,2019-03-07
3236,SÃO PAULO,355030833A,SP,AC Central de SP,-46.635987,-23.543311,2019-03-07 19:50:00,0.0,19:50,2019-03-07
3237,SÃO PAULO,355030833A,SP,AC Central de SP,-46.635987,-23.543311,2019-03-07 20:10:00,0.2,20:10,2019-03-07
3238,SÃO PAULO,355030833A,SP,AC Central de SP,-46.635987,-23.543311,2019-03-07 20:30:00,0.2,20:30,2019-03-07
3239,SÃO PAULO,355030833A,SP,AC Central de SP,-46.635987,-23.543311,2019-03-07 20:50:00,0.2,20:50,2019-03-07
3240,SÃO PAULO,355030833A,SP,AC Central de SP,-46.635987,-23.543311,2019-03-07 21:10:00,0.2,21:10,2019-03-07
3241,SÃO PAULO,355030833A,SP,AC Central de SP,-46.635987,-23.543311,2019-03-07 21:20:00,0.2,21:20,2019-03-07
3242,SÃO PAULO,355030833A,SP,AC Central de SP,-46.635987,-23.543311,2019-03-07 21:40:00,0.2,21:40,2019-03-07
3243,SÃO PAULO,355030833A,SP,AC Central de SP,-46.635987,-23.543311,2019-03-07 21:50:00,0.0,21:50,2019-03-07
3244,SÃO PAULO,355030833A,SP,AC Central de SP,-46.635987,-23.543311,2019-03-07 22:00:00,0.2,22:00,2019-03-07
3245,SÃO PAULO,355030833A,SP,AC Central de SP,-46.635987,-23.543311,2019-03-07 22:20:00,0.2,22:20,2019-03-07
3246,SÃO PAULO,355030833A,SP,AC Central de SP,-46.635987,-23.543311,2019-03-07 22:40:00,0.2,22:40,2019-03-07
3247,SÃO PAULO,355030833A,SP,AC Central de SP,-46.635987,-23.543311,2019-03-07 22:50:00,0.0,22:50,2019-03-07
3248,SÃO PAULO,355030833A,SP,AC Central de SP,-46.635987,-23.543311,2019-03-07 23:00:00,0.2,23:00,2019-03-07
3249,SÃO PAULO,355030833A,SP,AC Central de SP,-46.635987,-23.543311,2019-03-07 23:20:00,0.2,23:20,2019-03-07
3250,SÃO PAULO,355030833A,SP,AC Central de SP,-46.635987,-23.543311,2019-03-07 23:30:00,0.2,23:30,2019-03-07
3251,SÃO PAULO,355030833A,SP,AC Central de SP,-46.635987,-23.543311,2019-03-07 23:50:00,0.2,23:50,2019-03-07
3252,SÃO PAULO,355030833A,SP,AC Central de SP,-46.635987,-23.543311,2019-03-08 00:10:00,0.2,00:10,2019-03-08
3253,SÃO PAULO,355030833A,SP,AC Central de SP,-46.635987,-23.543311,2019-03-08 00:20:00,0.2,00:20,2019-03-08
3254,SÃO PAULO,355030833A,SP,AC Central de SP,-46.635987,-23.543311,2019-03-08 00:40:00,0.2,00:40,2019-03-08
3255,SÃO PAULO,355030833A,SP,AC Central de SP,-46.635987,-23.543311,2019-03-08 00:50:00,0.2,00:50,2019-03-08
3256,SÃO PAULO,355030833A,SP,AC Central de SP,-46.635987,-23.543311,2019-03-08 01:10:00,0.2,01:10,2019-03-08
3257,SÃO PAULO,355030833A,SP,AC Central de SP,-46.635987,-23.543311,2019-03-08 01:30:00,0.2,01:30,2019-03-08
3258,SÃO PAULO,355030833A,SP,AC Central de SP,-46.635987,-23.543311,2019-03-08 01:50:00,0.2,01:50,2019-03-08
3259,SÃO PAULO,355030833A,SP,AC Central de SP,-46.635987,-23.543311,2019-03-08 02:10:00,0.2,02:10,2019-03-08
3260,SÃO PAULO,355030833A,SP,AC Central de SP,-46.635987,-23.543311,2019-03-08 02:30:00,0.2,02:30,2019-03-08
3261,SÃO PAULO,355030833A,SP,AC Central de SP,-46.635987,-23.543311,2019-03-08 02:50:00,0.2,02:50,2019-03-08
3262,SÃO PAULO,355030833A,SP,AC Central de SP,-46.635987,-23.543311,2019-03-08 03:00:00,0.2,03:00,2019-03-08
3263,SÃO PAULO,355030833A,SP,AC Central de SP,-46.635987,-23.543311,2019-03-08 03:10:00,0.2,03:10,2019-03-08
3264,SÃO PAULO,355030833A,SP,AC Central de SP,-46.635987,-23.543311,2019-03-08 03:30:00,0.2,03:30,2019-03-08
3265,SÃO PAULO,355030833A,SP,AC Central de SP,-46.635987,-23.543311,2019-03-08 03:40:00,0.2,03:40,2019-03-08
3266,SÃO PAULO,355030833A,SP,AC Central de SP,-46.635987,-23.543311,2019-03-08 03:50:00,0.2,03:50,2019-03-08
3267,SÃO PAULO,355030833A,SP,AC Central de SP,-46.635987,-23.543311,2019-03-08 04:10:00,0.2,04:10,2019-03-08
3268,SÃO PAULO,355030833A,SP,AC Central de SP,-46.635987,-23.543311,2019-03-08 04:20:00,0.2,04:20,2019-03-08
3269,SÃO PAULO,355030833A,SP,AC Central de SP,-46.635987,-23.543311,2019-03-08 04:30:00,0.2,04:30,2019-03-08
3270,SÃO PAULO,355030833A,SP,AC Central de SP,-46.635987,-23.543311,2019-03-08 04:40:00,0.2,04:40,2019-03-08
3271,SÃO PAULO,355030833A,SP,AC Central de SP,-46.635987,-23.543311,2019-03-08 04:50:00,0.2,04:50,2019-03-08
3272,SÃO PAULO,355030833A,SP,AC Central de SP,-46.635987,-23.543311,2019-03-08 05:00:00,0.2,05:00,2019-03-08
3273,SÃO PAULO,355030833A,SP,AC Central de SP,-46.635987,-23.543311,2019-03-08 05:20:00,0.2,05:20,2019-03-08
3274,SÃO PAULO,355030833A,SP,AC Central de SP,-46.635987,-23.543311,2019-03-08 05:30:00,0.2,05:30,2019-03-08
3275,SÃO PAULO,355030833A,SP,AC Central de SP,-46.635987,-23.543311,2019-03-08 05:40:00,0.2,05:40,2019-03-08
3276,SÃO PAULO,355030833A,SP,AC Central de SP,-46.635987,-23.543311,2019-03-08 05:50:00,0.2,05:50,2019-03-08
3277,SÃO PAULO,355030833A,SP,AC Central de SP,-46.635987,-23.543311,2019-03-08 06:00:00,0.2,06:00,2019-03-08
3278,SÃO PAULO,355030833A,SP,AC Central de SP,-46.635987,-23.543311,2019-03-08 06:20:00,0.2,06:20,2019-03-08
3279,SÃO PAULO,355030833A,SP,AC Central de SP,-46.635987,-23.543311,2019-03-08 06:30:00,0.2,06:30,2019-03-08
3280,SÃO PAULO,355030833A,SP,AC Central de SP,-46.635987,-23.543311,2019-03-08 06:40:00,0.2,06:40,2019-03-08
3281,SÃO PAULO,355030833A,SP,AC Central de SP,-46.635987,-23.543311,2019-03-08 06:50:00,0.2,06:50,2019-03-08
3282,SÃO PAULO,355030833A,SP,AC Central de SP,-46.635987,-23.543311,2019-03-08 07:10:00,0.2,07:10,2019-03-08
3283,SÃO PAULO,355030833A,SP,AC Central de SP,-46.635987,-23.543311,2019-03-08 07:20:00,0.2,07:20,2019-03-08
3284,SÃO PAULO,355030833A,SP,AC Central de SP,-46.635987,-23.543311,2019-03-08 07:30:00,0.2,07:30,2019-03-08
3285,SÃO PAULO,355030833A,SP,AC Central de SP,-46.635987,-23.543311,2019-03-08 07:50:00,0.2,07:50,2019-03-08
3286,SÃO PAULO,355030833A,SP,AC Central de SP,-46.635987,-23.543311,2019-03-08 08:00:00,0.2,08:00,2019-03-08
3287,SÃO PAULO,355030833A,SP,AC Central de SP,-46.635987,-23.543311,2019-03-08 08:20:00,0.2,08:20,2019-03-08
3288,SÃO PAULO,355030833A,SP,AC Central de SP,-46.635987,-23.543311,2019-03-08 08:30:00,0.2,08:30,2019-03-08
3289,SÃO PAULO,355030833A,SP,AC Central de SP,-46.635987,-23.543311,2019-03-08 08:40:00,0.2,08:40,2019-03-08
3290,SÃO PAULO,355030833A,SP,AC Central de SP,-46.635987,-23.543311,2019-03-08 08:50:00,0.2,08:50,2019-03-08
3291,SÃO PAULO,355030833A,SP,AC Central de SP,-46.635987,-23.543311,2019-03-08 09:00:00,0.2,09:00,2019-03-08
3292,SÃO PAULO,355030833A,SP,AC Central de SP,-46.635987,-23.543311,2019-03-08 09:10:00,0.2,09:10,2019-03-08
3293,SÃO PAULO,355030833A,SP,AC Central de SP,-46.635987,-23.543311,2019-03-08 09:30:00,0.2,09:30,2019-03-08
3294,SÃO PAULO,355030833A,SP,AC Central de SP,-46.635987,-23.543311,2019-03-08 09:40:00,0.2,09:40,2019-03-08
3295,SÃO PAULO,355030833A,SP,AC Central de SP,-46.635987,-23.543311,2019-03-08 09:50:00,0.2,09:50,2019-03-08
3296,SÃO PAULO,355030833A,SP,AC Central de SP,-46.635987,-23.543311,2019-03-08 10:00:00,0.2,10:00,2019-03-08
3297,SÃO PAULO,355030833A,SP,AC Central de SP,-46.635987,-23.543311,2019-03-08 10:10:00,0.2,10:10,2019-03-08
3298,SÃO PAULO,355030833A,SP,AC Central de SP,-46.635987,-23.543311,2019-03-08 10:20:00,0.2,10:20,2019-03-08
3299,SÃO PAULO,355030833A,SP,AC Central de SP,-46.635987,-23.543311,2019-03-08 10:30:00,0.2,10:30,2019-03-08
3300,SÃO PAULO,355030833A,SP,AC Central de SP,-46.635987,-23.543311,2019-03-08 10:40:00,0.2,10:40,2019-03-08
3301,SÃO PAULO,355030833A,SP,AC Central de SP,-46.635987,-23.543311,2019-03-08 10:50:00,0.2,10:50,2019-03-08
3302,SÃO PAULO,355030833A,SP,AC Central de SP,-46.635987,-23.543311,2019-03-08 11:00:00,0.2,11:00,2019-03-08
3303,SÃO PAULO,355030833A,SP,AC Central de SP,-46.635987,-23.543311,2019-03-08 11:10:00,0.2,11:10,2019-03-08
3304,SÃO PAULO,355030833A,SP,AC Central de SP,-46.635987,-23.543311,2019-03-08 11:20:00,0.2,11:20,2019-03-08
3305,SÃO PAULO,355030833A,SP,AC Central de SP,-46.635987,-23.543311,2019-03-08 11:30:00,0.2,11:30,2019-03-08
3306,SÃO PAULO,355030833A,SP,AC Central de SP,-46.635987,-23.543311,2019-03-08 11:40:00,0.2,11:40,2019-03-08
3307,SÃO PAULO,355030833A,SP,AC Central de SP,-46.635987,-23.543311,2019-03-08 11:50:00,0.2,11:50,2019-03-08
3308,SÃO PAULO,355030833A,SP,AC Central de SP,-46.635987,-23.543311,2019-03-08 12:00:00,0.2,12:00,2019-03-08
3309,SÃO PAULO,355030833A,SP,AC Central de SP,-46.635987,-23.543311,2019-03-08 12:10:00,0.2,12:10,2019-03-08
3310,SÃO PAULO,355030833A,SP,AC Central de SP,-46.635987,-23.543311,2019-03-08 12:20:00,0.39,12:20,2019-03-08
3311,SÃO PAULO,355030833A,SP,AC Central de SP,-46.635987,-23.543311,2019-03-08 12:30:00,0.2,12:30,2019-03-08
3312,SÃO PAULO,355030833A,SP,AC Central de SP,-46.635987,-23.543311,2019-03-08 12:40:00,0.2,12:40,2019-03-08
3313,SÃO PAULO,355030833A,SP,AC Central de SP,-46.635987,-23.543311,2019-03-08 12:50:00,0.2,12:50,2019-03-08
3314,SÃO PAULO,355030833A,SP,AC Central de SP,-46.635987,-23.543311,2019-03-08 13:00:00,0.2,13:00,2019-03-08
3315,SÃO PAULO,355030833A,SP,AC Central de SP,-46.635987,-23.543311,2019-03-08 13:10:00,0.2,13:10,2019-03-08
3316,SÃO PAULO,355030833A,SP,AC Central de SP,-46.635987,-23.543311,2019-03-08 13:20:00,0.2,13:20,2019-03-08
3317,SÃO PAULO,355030833A,SP,AC Central de SP,-46.635987,-23.543311,2019-03-08 13:30:00,0.39,13:30,2019-03-08
3318,SÃO PAULO,355030833A,SP,AC Central de SP,-46.635987,-23.543311,2019-03-08 13:40:00,0.2,13:40,2019-03-08
3319,SÃO PAULO,355030833A,SP,AC Central de SP,-46.635987,-23.543311,2019-03-08 13:50:00,0.39,13:50,2019-03-08
3320,SÃO PAULO,355030833A,SP,AC Central de SP,-46.635987,-23.543311,2019-03-08 14:00:00,0.2,14:00,2019-03-08
3321,SÃO PAULO,355030833A,SP,AC Central de SP,-46.635987,-23.543311,2019-03-08 14:10:00,0.39,14:10,2019-03-08
3322,SÃO PAULO,355030833A,SP,AC Central de SP,-46.635987,-23.543311,2019-03-08 14:20:00,0.2,14:20,2019-03-08
3323,SÃO PAULO,355030833A,SP,AC Central de SP,-46.635987,-23.543311,2019-03-08 14:30:00,0.39,14:30,2019-03-08
3324,SÃO PAULO,355030833A,SP,AC Central de SP,-46.635987,-23.543311,2019-03-08 14:40:00,0.39,14:40,2019-03-08
3325,SÃO PAULO,355030833A,SP,AC Central de SP,-46.635987,-23.543311,2019-03-08 14:50:00,0.39,14:50,2019-03-08
3326,SÃO PAULO,355030833A,SP,AC Central de SP,-46.635987,-23.543311,2019-03-08 15:00:00,0.39,15:00,2019-03-08
3327,SÃO PAULO,355030833A,SP,AC Central de SP,-46.635987,-23.543311,2019-03-08 15:10:00,0.39,15:10,2019-03-08
3328,SÃO PAULO,355030833A,SP,AC Central de SP,-46.635987,-23.543311,2019-03-08 15:20:00,0.39,15:20,2019-03-08
3329,SÃO PAULO,355030833A,SP,AC Central de SP,-46.635987,-23.543311,2019-03-08 15:30:00,0.39,15:30,2019-03-08
3330,SÃO PAULO,355030833A,SP,AC Central de SP,-46.635987,-23.543311,2019-03-08 15:40:00,0.39,15:40,2019-03-08
3331,SÃO PAULO,355030833A,SP,AC Central de SP,-46.635987,-23.543311,2019-03-08 15:50:00,0.59,15:50,2019-03-08
3332,SÃO PAULO,355030833A,SP,AC Central de SP,-46.635987,-23.543311,2019-03-08 16:00:00,0.39,16:00,2019-03-08
3333,SÃO PAULO,355030833A,SP,AC Central de SP,-46.635987,-23.543311,2019-03-08 16:10:00,0.79,16:10,2019-03-08
3334,SÃO PAULO,355030833A,SP,AC Central de SP,-46.635987,-23.543311,2019-03-08 16:20:00,0.59,16:20,2019-03-08
3335,SÃO PAULO,355030833A,SP,AC Central de SP,-46.635987,-23.543311,2019-03-08 16:30:00,0.59,16:30,2019-03-08
3336,SÃO PAULO,355030833A,SP,AC Central de SP,-46.635987,-23.543311,2019-03-08 16:40:00,0.79,16:40,2019-03-08
3337,SÃO PAULO,355030833A,SP,AC Central de SP,-46.635987,-23.543311,2019-03-08 16:50:00,0.59,16:50,2019-03-08
3338,SÃO PAULO,355030833A,SP,AC Central de SP,-46.635987,-23.543311,2019-03-08 17:00:00,0.79,17:00,2019-03-08
3339,SÃO PAULO,355030833A,SP,AC Central de SP,-46.635987,-23.543311,2019-03-08 17:10:00,0.59,17:10,2019-03-08
3340,SÃO PAULO,355030833A,SP,AC Central de SP,-46.635987,-23.543311,2019-03-08 17:20:00,0.79,17:20,2019-03-08
3341,SÃO PAULO,355030833A,SP,AC Central de SP,-46.635987,-23.543311,2019-03-08 17:30:00,0.59,17:30,2019-03-08
3342,SÃO PAULO,355030833A,SP,AC Central de SP,-46.635987,-23.543311,2019-03-08 17:40:00,0.59,17:40,2019-03-08
3343,SÃO PAULO,355030833A,SP,AC Central de SP,-46.635987,-23.543311,2019-03-08 17:50:00,0.59,17:50,2019-03-08
3344,SÃO PAULO,355030833A,SP,AC Central de SP,-46.635987,-23.543311,2019-03-08 18:00:00,0.59,18:00,2019-03-08
3345,SÃO PAULO,355030833A,SP,AC Central de SP,-46.635987,-23.543311,2019-03-08 18:10:00,0.39,18:10,2019-03-08
3346,SÃO PAULO,355030833A,SP,AC Central de SP,-46.635987,-23.543311,2019-03-08 18:20:00,0.59,18:20,2019-03-08
3347,SÃO PAULO,355030833A,SP,AC Central de SP,-46.635987,-23.543311,2019-03-08 18:30:00,0.59,18:30,2019-03-08
3348,SÃO PAULO,355030833A,SP,AC Central de SP,-46.635987,-23.543311,2019-03-08 18:40:00,0.39,18:40,2019-03-08
3349,SÃO PAULO,355030833A,SP,AC Central de SP,-46.635987,-23.543311,2019-03-08 18:50:00,0.39,18:50,2019-03-08
3350,SÃO PAULO,355030833A,SP,AC Central de SP,-46.635987,-23.543311,2019-03-08 19:00:00,0.59,19:00,2019-03-08
3351,SÃO PAULO,355030833A,SP,AC Central de SP,-46.635987,-23.543311,2019-03-08 19:10:00,0.39,19:10,2019-03-08
3352,SÃO PAULO,355030833A,SP,AC Central de SP,-46.635987,-23.543311,2019-03-08 19:20:00,0.2,19:20,2019-03-08
3353,SÃO PAULO,355030833A,SP,AC Central de SP,-46.635987,-23.543311,2019-03-08 19:30:00,0.39,19:30,2019-03-08
3354,SÃO PAULO,355030833A,SP,AC Central de SP,-46.635987,-23.543311,2019-03-08 19:40:00,0.39,19:40,2019-03-08
3355,SÃO PAULO,355030833A,SP,AC Central de SP,-46.635987,-23.543311,2019-03-08 19:50:00,0.2,19:50,2019-03-08
3356,SÃO PAULO,355030833A,SP,AC Central de SP,-46.635987,-23.543311,2019-03-08 20:20:00,0.2,20:20,2019-03-08
3357,SÃO PAULO,355030833A,SP,AC Central de SP,-46.635987,-23.543311,2019-03-08 20:50:00,0.0,20:50,2019-03-08
3358,SÃO PAULO,355030833A,SP,AC Central de SP,-46.635987,-23.543311,2019-03-08 21:50:00,0.0,21:50,2019-03-08
3359,SÃO PAULO,355030833A,SP,AC Central de SP,-46.635987,-23.543311,2019-03-08 22:50:00,0.0,22:50,2019-03-08
3360,SÃO PAULO,355030833A,SP,AC Central de SP,-46.635987,-23.543311,2019-03-08 23:50:00,0.0,23:50,2019-03-08
3361,SÃO PAULO,355030833A,SP,AC Central de SP,-46.635987,-23.543311,2019-03-09 00:50:00,0.0,00:50,2019-03-09
3362,SÃO PAULO,355030833A,SP,AC Central de SP,-46.635987,-23.543311,2019-03-09 01:50:00,0.0,01:50,2019-03-09
3363,SÃO PAULO,355030833A,SP,AC Central de SP,-46.635987,-23.543311,2019-03-09 02:50:00,0.0,02:50,2019-03-09
3364,SÃO PAULO,355030833A,SP,AC Central de SP,-46.635987,-23.543311,2019-03-09 03:50:00,0.0,03:50,2019-03-09
3365,SÃO PAULO,355030833A,SP,AC Central de SP,-46.635987,-23.543311,2019-03-09 04:50:00,0.0,04:50,2019-03-09
3366,SÃO PAULO,355030833A,SP,AC Central de SP,-46.635987,-23.543311,2019-03-09 05:50:00,0.0,05:50,2019-03-09
3367,SÃO PAULO,355030833A,SP,AC Central de SP,-46.635987,-23.543311,2019-03-09 06:50:00,0.0,06:50,2019-03-09
3368,SÃO PAULO,355030833A,SP,AC Central de SP,-46.635987,-23.543311,2019-03-09 07:50:00,0.0,07:50,2019-03-09
3369,SÃO PAULO,355030833A,SP,AC Central de SP,-46.635987,-23.543311,2019-03-09 08:50:00,0.0,08:50,2019-03-09
3370,SÃO PAULO,355030833A,SP,AC Central de SP,-46.635987,-23.543311,2019-03-09 09:50:00,0.0,09:50,2019-03-09
3371,SÃO PAULO,355030833A,SP,AC Central de SP,-46.635987,-23.543311,2019-03-09 10:50:00,0.0,10:50,2019-03-09
3372,SÃO PAULO,355030833A,SP,AC Central de SP,-46.635987,-23.543311,2019-03-09 11:50:00,0.0,11:50,2019-03-09
3373,SÃO PAULO,355030833A,SP,AC Central de SP,-46.635987,-23.543311,2019-03-09 12:50:00,0.0,12:50,2019-03-09
3374,SÃO PAULO,355030833A,SP,AC Central de SP,-46.635987,-23.543311,2019-03-09 13:50:00,0.0,13:50,2019-03-09
3375,SÃO PAULO,355030833A,SP,AC Central de SP,-46.635987,-23.543311,2019-03-09 14:50:00,0.0,14:50,2019-03-09
3376,SÃO PAULO,355030833A,SP,AC Central de SP,-46.635987,-23.543311,2019-03-09 15:50:00,0.0,15:50,2019-03-09
3377,SÃO PAULO,355030833A,SP,AC Central de SP,-46.635987,-23.543311,2019-03-09 16:50:00,0.0,16:50,2019-03-09
3378,SÃO PAULO,355030833A,SP,AC Central de SP,-46.635987,-23.543311,2019-03-09 17:50:00,0.0,17:50,2019-03-09
3379,SÃO PAULO,355030833A,SP,AC Central de SP,-46.635987,-23.543311,2019-03-09 18:50:00,0.0,18:50,2019-03-09
3380,SÃO PAULO,355030833A,SP,AC Central de SP,-46.635987,-23.543311,2019-03-09 19:20:00,0.2,19:20,2019-03-09
3381,SÃO PAULO,355030833A,SP,AC Central de SP,-46.635987,-23.543311,2019-03-09 19:50:00,0.0,19:50,2019-03-09
3382,SÃO PAULO,355030833A,SP,AC Central de SP,-46.635987,-23.543311,2019-03-09 20:20:00,0.2,20:20,2019-03-09
3383,SÃO PAULO,355030833A,SP,AC Central de SP,-46.635987,-23.543311,2019-03-09 20:30:00,0.39,20:30,2019-03-09
3384,SÃO PAULO,355030833A,SP,AC Central de SP,-46.635987,-23.543311,2019-03-09 20:40:00,0.39,20:40,2019-03-09
3385,SÃO PAULO,355030833A,SP,AC Central de SP,-46.635987,-23.543311,2019-03-09 20:50:00,0.39,20:50,2019-03-09
3386,SÃO PAULO,355030833A,SP,AC Central de SP,-46.635987,-23.543311,2019-03-09 21:00:00,0.39,21:00,2019-03-09
3387,SÃO PAULO,355030833A,SP,AC Central de SP,-46.635987,-23.543311,2019-03-09 21:10:00,0.2,21:10,2019-03-09
3388,SÃO PAULO,355030833A,SP,AC Central de SP,-46.635987,-23.543311,2019-03-09 21:20:00,0.39,21:20,2019-03-09
3389,SÃO PAULO,355030833A,SP,AC Central de SP,-46.635987,-23.543311,2019-03-09 21:30:00,0.39,21:30,2019-03-09
3390,SÃO PAULO,355030833A,SP,AC Central de SP,-46.635987,-23.543311,2019-03-09 21:40:00,0.2,21:40,2019-03-09
3391,SÃO PAULO,355030833A,SP,AC Central de SP,-46.635987,-23.543311,2019-03-09 21:50:00,0.39,21:50,2019-03-09
3392,SÃO PAULO,355030833A,SP,AC Central de SP,-46.635987,-23.543311,2019-03-09 22:00:00,0.2,22:00,2019-03-09
3393,SÃO PAULO,355030833A,SP,AC Central de SP,-46.635987,-23.543311,2019-03-09 22:10:00,0.2,22:10,2019-03-09
3394,SÃO PAULO,355030833A,SP,AC Central de SP,-46.635987,-23.543311,2019-03-09 22:20:00,0.39,22:20,2019-03-09
3395,SÃO PAULO,355030833A,SP,AC Central de SP,-46.635987,-23.543311,2019-03-09 22:30:00,0.2,22:30,2019-03-09
3396,SÃO PAULO,355030833A,SP,AC Central de SP,-46.635987,-23.543311,2019-03-09 22:40:00,0.2,22:40,2019-03-09
3397,SÃO PAULO,355030833A,SP,AC Central de SP,-46.635987,-23.543311,2019-03-09 22:50:00,0.2,22:50,2019-03-09
3398,SÃO PAULO,355030833A,SP,AC Central de SP,-46.635987,-23.543311,2019-03-09 23:00:00,0.2,23:00,2019-03-09
3399,SÃO PAULO,355030833A,SP,AC Central de SP,-46.635987,-23.543311,2019-03-09 23:10:00,0.2,23:10,2019-03-09
3400,SÃO PAULO,355030833A,SP,AC Central de SP,-46.635987,-23.543311,2019-03-09 23:20:00,0.2,23:20,2019-03-09
3401,SÃO PAULO,355030833A,SP,AC Central de SP,-46.635987,-23.543311,2019-03-09 23:30:00,0.2,23:30,2019-03-09
3402,SÃO PAULO,355030833A,SP,AC Central de SP,-46.635987,-23.543311,2019-03-09 23:40:00,0.2,23:40,2019-03-09
3403,SÃO PAULO,355030833A,SP,AC Central de SP,-46.635987,-23.543311,2019-03-09 23:50:00,0.2,23:50,2019-03-09
3404,SÃO PAULO,355030833A,SP,AC Central de SP,-46.635987,-23.543311,2019-03-10 00:00:00,0.2,00:00,2019-03-10
3405,SÃO PAULO,355030833A,SP,AC Central de SP,-46.635987,-23.543311,2019-03-10 00:20:00,0.2,00:20,2019-03-10
3406,SÃO PAULO,355030833A,SP,AC Central de SP,-46.635987,-23.543311,2019-03-10 00:30:00,0.2,00:30,2019-03-10
3407,SÃO PAULO,355030833A,SP,AC Central de SP,-46.635987,-23.543311,2019-03-10 00:40:00,0.2,00:40,2019-03-10
3408,SÃO PAULO,355030833A,SP,AC Central de SP,-46.635987,-23.543311,2019-03-10 00:50:00,0.0,00:50,2019-03-10
3409,SÃO PAULO,355030833A,SP,AC Central de SP,-46.635987,-23.543311,2019-03-10 01:00:00,0.2,01:00,2019-03-10
3410,SÃO PAULO,355030833A,SP,AC Central de SP,-46.635987,-23.543311,2019-03-10 01:10:00,0.2,01:10,2019-03-10
3411,SÃO PAULO,355030833A,SP,AC Central de SP,-46.635987,-23.543311,2019-03-10 01:30:00,0.2,01:30,2019-03-10
3412,SÃO PAULO,355030833A,SP,AC Central de SP,-46.635987,-23.543311,2019-03-10 01:40:00,0.2,01:40,2019-03-10
3413,SÃO PAULO,355030833A,SP,AC Central de SP,-46.635987,-23.543311,2019-03-10 01:50:00,0.0,01:50,2019-03-10
3414,SÃO PAULO,355030833A,SP,AC Central de SP,-46.635987,-23.543311,2019-03-10 02:00:00,0.2,02:00,2019-03-10
3415,SÃO PAULO,355030833A,SP,AC Central de SP,-46.635987,-23.543311,2019-03-10 02:10:00,0.2,02:10,2019-03-10
3416,SÃO PAULO,355030833A,SP,AC Central de SP,-46.635987,-23.543311,2019-03-10 02:20:00,0.2,02:20,2019-03-10
3417,SÃO PAULO,355030833A,SP,AC Central de SP,-46.635987,-23.543311,2019-03-10 02:40:00,0.2,02:40,2019-03-10
3418,SÃO PAULO,355030833A,SP,AC Central de SP,-46.635987,-23.543311,2019-03-10 02:50:00,0.2,02:50,2019-03-10
3419,SÃO PAULO,355030833A,SP,AC Central de SP,-46.635987,-23.543311,2019-03-10 03:00:00,0.2,03:00,2019-03-10
3420,SÃO PAULO,355030833A,SP,AC Central de SP,-46.635987,-23.543311,2019-03-10 03:10:00,0.2,03:10,2019-03-10
3421,SÃO PAULO,355030833A,SP,AC Central de SP,-46.635987,-23.543311,2019-03-10 03:30:00,0.2,03:30,2019-03-10
3422,SÃO PAULO,355030833A,SP,AC Central de SP,-46.635987,-23.543311,2019-03-10 03:50:00,0.2,03:50,2019-03-10
3423,SÃO PAULO,355030833A,SP,AC Central de SP,-46.635987,-23.543311,2019-03-10 04:10:00,0.2,04:10,2019-03-10
3424,SÃO PAULO,355030833A,SP,AC Central de SP,-46.635987,-23.543311,2019-03-10 04:30:00,0.2,04:30,2019-03-10
3425,SÃO PAULO,355030833A,SP,AC Central de SP,-46.635987,-23.543311,2019-03-10 04:50:00,0.2,04:50,2019-03-10
3426,SÃO PAULO,355030833A,SP,AC Central de SP,-46.635987,-23.543311,2019-03-10 05:20:00,0.2,05:20,2019-03-10
3427,SÃO PAULO,355030833A,SP,AC Central de SP,-46.635987,-23.543311,2019-03-10 05:40:00,0.2,05:40,2019-03-10
3428,SÃO PAULO,355030833A,SP,AC Central de SP,-46.635987,-23.543311,2019-03-10 05:50:00,0.0,05:50,2019-03-10
3429,SÃO PAULO,355030833A,SP,AC Central de SP,-46.635987,-23.543311,2019-03-10 06:10:00,0.2,06:10,2019-03-10
3430,SÃO PAULO,355030833A,SP,AC Central de SP,-46.635987,-23.543311,2019-03-10 06:30:00,0.2,06:30,2019-03-10
3431,SÃO PAULO,355030833A,SP,AC Central de SP,-46.635987,-23.543311,2019-03-10 06:50:00,0.2,06:50,2019-03-10
3432,SÃO PAULO,355030833A,SP,AC Central de SP,-46.635987,-23.543311,2019-03-10 07:10:00,0.2,07:10,2019-03-10
3433,SÃO PAULO,355030833A,SP,AC Central de SP,-46.635987,-23.543311,2019-03-10 07:30:00,0.2,07:30,2019-03-10
3434,SÃO PAULO,355030833A,SP,AC Central de SP,-46.635987,-23.543311,2019-03-10 07:50:00,0.2,07:50,2019-03-10
3435,SÃO PAULO,355030833A,SP,AC Central de SP,-46.635987,-23.543311,2019-03-10 08:00:00,0.2,08:00,2019-03-10
3436,SÃO PAULO,355030833A,SP,AC Central de SP,-46.635987,-23.543311,2019-03-10 08:10:00,0.39,08:10,2019-03-10
3437,SÃO PAULO,355030833A,SP,AC Central de SP,-46.635987,-23.543311,2019-03-10 08:20:00,0.2,08:20,2019-03-10
3438,SÃO PAULO,355030833A,SP,AC Central de SP,-46.635987,-23.543311,2019-03-10 08:30:00,0.39,08:30,2019-03-10
3439,SÃO PAULO,355030833A,SP,AC Central de SP,-46.635987,-23.543311,2019-03-10 08:40:00,0.39,08:40,2019-03-10
3440,SÃO PAULO,355030833A,SP,AC Central de SP,-46.635987,-23.543311,2019-03-10 08:50:00,0.2,08:50,2019-03-10
3441,SÃO PAULO,355030833A,SP,AC Central de SP,-46.635987,-23.543311,2019-03-10 09:00:00,0.39,09:00,2019-03-10
3442,SÃO PAULO,355030833A,SP,AC Central de SP,-46.635987,-23.543311,2019-03-10 09:10:00,0.39,09:10,2019-03-10
3443,SÃO PAULO,355030833A,SP,AC Central de SP,-46.635987,-23.543311,2019-03-10 09:20:00,0.39,09:20,2019-03-10
3444,SÃO PAULO,355030833A,SP,AC Central de SP,-46.635987,-23.543311,2019-03-10 09:30:00,0.2,09:30,2019-03-10
3445,SÃO PAULO,355030833A,SP,AC Central de SP,-46.635987,-23.543311,2019-03-10 09:40:00,0.39,09:40,2019-03-10
3446,SÃO PAULO,355030833A,SP,AC Central de SP,-46.635987,-23.543311,2019-03-10 09:50:00,0.2,09:50,2019-03-10
3447,SÃO PAULO,355030833A,SP,AC Central de SP,-46.635987,-23.543311,2019-03-10 10:00:00,0.39,10:00,2019-03-10
3448,SÃO PAULO,355030833A,SP,AC Central de SP,-46.635987,-23.543311,2019-03-10 10:10:00,0.39,10:10,2019-03-10
3449,SÃO PAULO,355030833A,SP,AC Central de SP,-46.635987,-23.543311,2019-03-10 10:20:00,0.2,10:20,2019-03-10
3450,SÃO PAULO,355030833A,SP,AC Central de SP,-46.635987,-23.543311,2019-03-10 10:30:00,0.39,10:30,2019-03-10
3451,SÃO PAULO,355030833A,SP,AC Central de SP,-46.635987,-23.543311,2019-03-10 10:40:00,0.39,10:40,2019-03-10
3452,SÃO PAULO,355030833A,SP,AC Central de SP,-46.635987,-23.543311,2019-03-10 10:50:00,0.39,10:50,2019-03-10
3453,SÃO PAULO,355030833A,SP,AC Central de SP,-46.635987,-23.543311,2019-03-10 11:00:00,0.2,11:00,2019-03-10
3454,SÃO PAULO,355030833A,SP,AC Central de SP,-46.635987,-23.543311,2019-03-10 11:10:00,0.39,11:10,2019-03-10
3455,SÃO PAULO,355030833A,SP,AC Central de SP,-46.635987,-23.543311,2019-03-10 11:20:00,0.39,11:20,2019-03-10
3456,SÃO PAULO,355030833A,SP,AC Central de SP,-46.635987,-23.543311,2019-03-10 11:30:00,0.2,11:30,2019-03-10
3457,SÃO PAULO,355030833A,SP,AC Central de SP,-46.635987,-23.543311,2019-03-10 11:40:00,0.39,11:40,2019-03-10
3458,SÃO PAULO,355030833A,SP,AC Central de SP,-46.635987,-23.543311,2019-03-10 11:50:00,0.2,11:50,2019-03-10
3459,SÃO PAULO,355030833A,SP,AC Central de SP,-46.635987,-23.543311,2019-03-10 12:00:00,0.39,12:00,2019-03-10
3460,SÃO PAULO,355030833A,SP,AC Central de SP,-46.635987,-23.543311,2019-03-10 12:10:00,0.2,12:10,2019-03-10
3461,SÃO PAULO,355030833A,SP,AC Central de SP,-46.635987,-23.543311,2019-03-10 12:20:00,0.39,12:20,2019-03-10
3462,SÃO PAULO,355030833A,SP,AC Central de SP,-46.635987,-23.543311,2019-03-10 12:30:00,0.2,12:30,2019-03-10
3463,SÃO PAULO,355030833A,SP,AC Central de SP,-46.635987,-23.543311,2019-03-10 12:40:00,0.39,12:40,2019-03-10
3464,SÃO PAULO,355030833A,SP,AC Central de SP,-46.635987,-23.543311,2019-03-10 12:50:00,0.2,12:50,2019-03-10
3465,SÃO PAULO,355030833A,SP,AC Central de SP,-46.635987,-23.543311,2019-03-10 13:00:00,0.39,13:00,2019-03-10
3466,SÃO PAULO,355030833A,SP,AC Central de SP,-46.635987,-23.543311,2019-03-10 13:10:00,0.39,13:10,2019-03-10
3467,SÃO PAULO,355030833A,SP,AC Central de SP,-46.635987,-23.543311,2019-03-10 13:20:00,0.2,13:20,2019-03-10
3468,SÃO PAULO,355030833A,SP,AC Central de SP,-46.635987,-23.543311,2019-03-10 13:30:00,0.39,13:30,2019-03-10
3469,SÃO PAULO,355030833A,SP,AC Central de SP,-46.635987,-23.543311,2019-03-10 13:40:00,0.2,13:40,2019-03-10
3470,SÃO PAULO,355030833A,SP,AC Central de SP,-46.635987,-23.543311,2019-03-10 13:50:00,0.2,13:50,2019-03-10
3471,SÃO PAULO,355030833A,SP,AC Central de SP,-46.635987,-23.543311,2019-03-10 14:00:00,0.39,14:00,2019-03-10
3472,SÃO PAULO,355030833A,SP,AC Central de SP,-46.635987,-23.543311,2019-03-10 14:10:00,0.2,14:10,2019-03-10
3473,SÃO PAULO,355030833A,SP,AC Central de SP,-46.635987,-23.543311,2019-03-10 14:20:00,0.2,14:20,2019-03-10
3474,SÃO PAULO,355030833A,SP,AC Central de SP,-46.635987,-23.543311,2019-03-10 14:30:00,0.2,14:30,2019-03-10
3475,SÃO PAULO,355030833A,SP,AC Central de SP,-46.635987,-23.543311,2019-03-10 14:40:00,0.39,14:40,2019-03-10
3476,SÃO PAULO,355030833A,SP,AC Central de SP,-46.635987,-23.543311,2019-03-10 14:50:00,0.2,14:50,2019-03-10
3477,SÃO PAULO,355030833A,SP,AC Central de SP,-46.635987,-23.543311,2019-03-10 15:00:00,0.2,15:00,2019-03-10
3478,SÃO PAULO,355030833A,SP,AC Central de SP,-46.635987,-23.543311,2019-03-10 15:10:00,0.2,15:10,2019-03-10
3479,SÃO PAULO,355030833A,SP,AC Central de SP,-46.635987,-23.543311,2019-03-10 15:20:00,0.2,15:20,2019-03-10
3480,SÃO PAULO,355030833A,SP,AC Central de SP,-46.635987,-23.543311,2019-03-10 15:30:00,0.2,15:30,2019-03-10
3481,SÃO PAULO,355030833A,SP,AC Central de SP,-46.635987,-23.543311,2019-03-10 15:40:00,0.39,15:40,2019-03-10
3482,SÃO PAULO,355030833A,SP,AC Central de SP,-46.635987,-23.543311,2019-03-10 15:50:00,0.2,15:50,2019-03-10
3483,SÃO PAULO,355030833A,SP,AC Central de SP,-46.635987,-23.543311,2019-03-10 16:00:00,0.2,16:00,2019-03-10
3484,SÃO PAULO,355030833A,SP,AC Central de SP,-46.635987,-23.543311,2019-03-10 16:10:00,0.2,16:10,2019-03-10
3485,SÃO PAULO,355030833A,SP,AC Central de SP,-46.635987,-23.543311,2019-03-10 16:20:00,0.2,16:20,2019-03-10
3486,SÃO PAULO,355030833A,SP,AC Central de SP,-46.635987,-23.543311,2019-03-10 16:30:00,0.2,16:30,2019-03-10
3487,SÃO PAULO,355030833A,SP,AC Central de SP,-46.635987,-23.543311,2019-03-10 16:40:00,0.2,16:40,2019-03-10
3488,SÃO PAULO,355030833A,SP,AC Central de SP,-46.635987,-23.543311,2019-03-10 16:50:00,0.39,16:50,2019-03-10
3489,SÃO PAULO,355030833A,SP,AC Central de SP,-46.635987,-23.543311,2019-03-10 17:00:00,0.2,17:00,2019-03-10
3490,SÃO PAULO,355030833A,SP,AC Central de SP,-46.635987,-23.543311,2019-03-10 17:20:00,0.39,17:20,2019-03-10
3491,SÃO PAULO,355030833A,SP,AC Central de SP,-46.635987,-23.543311,2019-03-10 17:30:00,0.2,17:30,2019-03-10
3492,SÃO PAULO,355030833A,SP,AC Central de SP,-46.635987,-23.543311,2019-03-10 17:40:00,0.2,17:40,2019-03-10
3493,SÃO PAULO,355030833A,SP,AC Central de SP,-46.635987,-23.543311,2019-03-10 17:50:00,0.2,17:50,2019-03-10
3494,SÃO PAULO,355030833A,SP,AC Central de SP,-46.635987,-23.543311,2019-03-10 18:00:00,0.2,18:00,2019-03-10
3495,SÃO PAULO,355030833A,SP,AC Central de SP,-46.635987,-23.543311,2019-03-10 18:10:00,0.2,18:10,2019-03-10
3496,SÃO PAULO,355030833A,SP,AC Central de SP,-46.635987,-23.543311,2019-03-10 18:20:00,0.2,18:20,2019-03-10
3497,SÃO PAULO,355030833A,SP,AC Central de SP,-46.635987,-23.543311,2019-03-10 18:30:00,0.2,18:30,2019-03-10
3498,SÃO PAULO,355030833A,SP,AC Central de SP,-46.635987,-23.543311,2019-03-10 18:40:00,0.2,18:40,2019-03-10
3499,SÃO PAULO,355030833A,SP,AC Central de SP,-46.635987,-23.543311,2019-03-10 18:50:00,0.2,18:50,2019-03-10
3500,SÃO PAULO,355030833A,SP,AC Central de SP,-46.635987,-23.543311,2019-03-10 19:00:00,0.2,19:00,2019-03-10
3501,SÃO PAULO,355030833A,SP,AC Central de SP,-46.635987,-23.543311,2019-03-10 19:10:00,0.2,19:10,2019-03-10
3502,SÃO PAULO,355030833A,SP,AC Central de SP,-46.635987,-23.543311,2019-03-10 19:20:00,0.2,19:20,2019-03-10
3503,SÃO PAULO,355030833A,SP,AC Central de SP,-46.635987,-23.543311,2019-03-10 19:30:00,0.39,19:30,2019-03-10
3504,SÃO PAULO,355030833A,SP,AC Central de SP,-46.635987,-23.543311,2019-03-10 19:40:00,0.2,19:40,2019-03-10
3505,SÃO PAULO,355030833A,SP,AC Central de SP,-46.635987,-23.543311,2019-03-10 19:50:00,0.2,19:50,2019-03-10
3506,SÃO PAULO,355030833A,SP,AC Central de SP,-46.635987,-23.543311,2019-03-10 20:00:00,0.2,20:00,2019-03-10
3507,SÃO PAULO,355030833A,SP,AC Central de SP,-46.635987,-23.543311,2019-03-10 20:10:00,0.39,20:10,2019-03-10
3508,SÃO PAULO,355030833A,SP,AC Central de SP,-46.635987,-23.543311,2019-03-10 20:20:00,0.2,20:20,2019-03-10
3509,SÃO PAULO,355030833A,SP,AC Central de SP,-46.635987,-23.543311,2019-03-10 20:30:00,0.2,20:30,2019-03-10
3510,SÃO PAULO,355030833A,SP,AC Central de SP,-46.635987,-23.543311,2019-03-10 20:40:00,0.39,20:40,2019-03-10
3511,SÃO PAULO,355030833A,SP,AC Central de SP,-46.635987,-23.543311,2019-03-10 20:50:00,0.2,20:50,2019-03-10
3512,SÃO PAULO,355030833A,SP,AC Central de SP,-46.635987,-23.543311,2019-03-10 21:00:00,0.39,21:00,2019-03-10
3513,SÃO PAULO,355030833A,SP,AC Central de SP,-46.635987,-23.543311,2019-03-10 21:10:00,0.2,21:10,2019-03-10
3514,SÃO PAULO,355030833A,SP,AC Central de SP,-46.635987,-23.543311,2019-03-10 21:20:00,0.2,21:20,2019-03-10
3515,SÃO PAULO,355030833A,SP,AC Central de SP,-46.635987,-23.543311,2019-03-10 21:30:00,0.2,21:30,2019-03-10
3516,SÃO PAULO,355030833A,SP,AC Central de SP,-46.635987,-23.543311,2019-03-10 21:40:00,0.2,21:40,2019-03-10
3517,SÃO PAULO,355030833A,SP,AC Central de SP,-46.635987,-23.543311,2019-03-10 21:50:00,0.2,21:50,2019-03-10
3518,SÃO PAULO,355030833A,SP,AC Central de SP,-46.635987,-23.543311,2019-03-10 22:00:00,0.2,22:00,2019-03-10
3519,SÃO PAULO,355030833A,SP,AC Central de SP,-46.635987,-23.543311,2019-03-10 22:10:00,0.2,22:10,2019-03-10
3520,SÃO PAULO,355030833A,SP,AC Central de SP,-46.635987,-23.543311,2019-03-10 22:40:00,0.2,22:40,2019-03-10
3521,SÃO PAULO,355030833A,SP,AC Central de SP,-46.635987,-23.543311,2019-03-10 22:50:00,0.0,22:50,2019-03-10
3522,SÃO PAULO,355030833A,SP,AC Central de SP,-46.635987,-23.543311,2019-03-10 23:20:00,0.2,23:20,2019-03-10
3523,SÃO PAULO,355030833A,SP,AC Central de SP,-46.635987,-23.543311,2019-03-10 23:30:00,0.2,23:30,2019-03-10
3524,SÃO PAULO,355030833A,SP,AC Central de SP,-46.635987,-23.543311,2019-03-10 23:50:00,0.2,23:50,2019-03-10
3525,SÃO PAULO,355030833A,SP,AC Central de SP,-46.635987,-23.543311,2019-03-11 00:00:00,0.2,00:00,2019-03-11
3526,SÃO PAULO,355030833A,SP,AC Central de SP,-46.635987,-23.543311,2019-03-11 00:10:00,0.39,00:10,2019-03-11
3527,SÃO PAULO,355030833A,SP,AC Central de SP,-46.635987,-23.543311,2019-03-11 00:20:00,0.2,00:20,2019-03-11
3528,SÃO PAULO,355030833A,SP,AC Central de SP,-46.635987,-23.543311,2019-03-11 00:30:00,0.2,00:30,2019-03-11
3529,SÃO PAULO,355030833A,SP,AC Central de SP,-46.635987,-23.543311,2019-03-11 00:40:00,0.39,00:40,2019-03-11
3530,SÃO PAULO,355030833A,SP,AC Central de SP,-46.635987,-23.543311,2019-03-11 01:00:00,0.39,01:00,2019-03-11
3531,SÃO PAULO,355030833A,SP,AC Central de SP,-46.635987,-23.543311,2019-03-11 01:10:00,0.39,01:10,2019-03-11
3532,SÃO PAULO,355030833A,SP,AC Central de SP,-46.635987,-23.543311,2019-03-11 01:20:00,0.59,01:20,2019-03-11
3533,SÃO PAULO,355030833A,SP,AC Central de SP,-46.635987,-23.543311,2019-03-11 01:30:00,0.39,01:30,2019-03-11
3534,SÃO PAULO,355030833A,SP,AC Central de SP,-46.635987,-23.543311,2019-03-11 01:50:00,0.59,01:50,2019-03-11
3535,SÃO PAULO,355030833A,SP,AC Central de SP,-46.635987,-23.543311,2019-03-11 02:00:00,0.39,02:00,2019-03-11
3536,SÃO PAULO,355030833A,SP,AC Central de SP,-46.635987,-23.543311,2019-03-11 02:10:00,0.59,02:10,2019-03-11
3537,SÃO PAULO,355030833A,SP,AC Central de SP,-46.635987,-23.543311,2019-03-11 02:20:00,0.39,02:20,2019-03-11
3538,SÃO PAULO,355030833A,SP,AC Central de SP,-46.635987,-23.543311,2019-03-11 02:30:00,0.59,02:30,2019-03-11
3539,SÃO PAULO,355030833A,SP,AC Central de SP,-46.635987,-23.543311,2019-03-11 02:40:00,0.59,02:40,2019-03-11
3540,SÃO PAULO,355030833A,SP,AC Central de SP,-46.635987,-23.543311,2019-03-11 02:50:00,0.59,02:50,2019-03-11
3541,SÃO PAULO,355030833A,SP,AC Central de SP,-46.635987,-23.543311,2019-03-11 03:00:00,0.59,03:00,2019-03-11
3542,SÃO PAULO,355030833A,SP,AC Central de SP,-46.635987,-23.543311,2019-03-11 03:10:00,0.59,03:10,2019-03-11
3543,SÃO PAULO,355030833A,SP,AC Central de SP,-46.635987,-23.543311,2019-03-11 03:20:00,0.59,03:20,2019-03-11
3544,SÃO PAULO,355030833A,SP,AC Central de SP,-46.635987,-23.543311,2019-03-11 03:30:00,0.59,03:30,2019-03-11
3545,SÃO PAULO,355030833A,SP,AC Central de SP,-46.635987,-23.543311,2019-03-11 03:40:00,0.79,03:40,2019-03-11
3546,SÃO PAULO,355030833A,SP,AC Central de SP,-46.635987,-23.543311,2019-03-11 03:50:00,0.59,03:50,2019-03-11
3547,SÃO PAULO,355030833A,SP,AC Central de SP,-46.635987,-23.543311,2019-03-11 04:00:00,0.79,04:00,2019-03-11
3548,SÃO PAULO,355030833A,SP,AC Central de SP,-46.635987,-23.543311,2019-03-11 04:10:00,0.79,04:10,2019-03-11
3549,SÃO PAULO,355030833A,SP,AC Central de SP,-46.635987,-23.543311,2019-03-11 04:20:00,0.59,04:20,2019-03-11
3550,SÃO PAULO,355030833A,SP,AC Central de SP,-46.635987,-23.543311,2019-03-11 04:30:00,0.79,04:30,2019-03-11
3551,SÃO PAULO,355030833A,SP,AC Central de SP,-46.635987,-23.543311,2019-03-11 04:40:00,0.79,04:40,2019-03-11
3552,SÃO PAULO,355030833A,SP,AC Central de SP,-46.635987,-23.543311,2019-03-11 04:50:00,0.59,04:50,2019-03-11
3553,SÃO PAULO,355030833A,SP,AC Central de SP,-46.635987,-23.543311,2019-03-11 05:00:00,0.79,05:00,2019-03-11
3554,SÃO PAULO,355030833A,SP,AC Central de SP,-46.635987,-23.543311,2019-03-11 05:10:00,0.79,05:10,2019-03-11
3555,SÃO PAULO,355030833A,SP,AC Central de SP,-46.635987,-23.543311,2019-03-11 05:20:00,0.59,05:20,2019-03-11
3556,SÃO PAULO,355030833A,SP,AC Central de SP,-46.635987,-23.543311,2019-03-11 05:30:00,0.79,05:30,2019-03-11
3557,SÃO PAULO,355030833A,SP,AC Central de SP,-46.635987,-23.543311,2019-03-11 05:40:00,0.59,05:40,2019-03-11
3558,SÃO PAULO,355030833A,SP,AC Central de SP,-46.635987,-23.543311,2019-03-11 05:50:00,0.79,05:50,2019-03-11
3559,SÃO PAULO,355030833A,SP,AC Central de SP,-46.635987,-23.543311,2019-03-11 06:00:00,0.79,06:00,2019-03-11
3560,SÃO PAULO,355030833A,SP,AC Central de SP,-46.635987,-23.543311,2019-03-11 06:10:00,0.59,06:10,2019-03-11
3561,SÃO PAULO,355030833A,SP,AC Central de SP,-46.635987,-23.543311,2019-03-11 06:20:00,0.79,06:20,2019-03-11
3562,SÃO PAULO,355030833A,SP,AC Central de SP,-46.635987,-23.543311,2019-03-11 06:30:00,0.59,06:30,2019-03-11
3563,SÃO PAULO,355030833A,SP,AC Central de SP,-46.635987,-23.543311,2019-03-11 06:40:00,0.79,06:40,2019-03-11
3564,SÃO PAULO,355030833A,SP,AC Central de SP,-46.635987,-23.543311,2019-03-11 06:50:00,0.59,06:50,2019-03-11
3565,SÃO PAULO,355030833A,SP,AC Central de SP,-46.635987,-23.543311,2019-03-11 07:00:00,0.79,07:00,2019-03-11
3566,SÃO PAULO,355030833A,SP,AC Central de SP,-46.635987,-23.543311,2019-03-11 07:10:00,0.59,07:10,2019-03-11
3567,SÃO PAULO,355030833A,SP,AC Central de SP,-46.635987,-23.543311,2019-03-11 07:20:00,0.79,07:20,2019-03-11
3568,SÃO PAULO,355030833A,SP,AC Central de SP,-46.635987,-23.543311,2019-03-11 07:30:00,0.59,07:30,2019-03-11
3569,SÃO PAULO,355030833A,SP,AC Central de SP,-46.635987,-23.543311,2019-03-11 07:40:00,0.59,07:40,2019-03-11
3570,SÃO PAULO,355030833A,SP,AC Central de SP,-46.635987,-23.543311,2019-03-11 07:50:00,0.59,07:50,2019-03-11
3571,SÃO PAULO,355030833A,SP,AC Central de SP,-46.635987,-23.543311,2019-03-11 08:00:00,0.59,08:00,2019-03-11
3572,SÃO PAULO,355030833A,SP,AC Central de SP,-46.635987,-23.543311,2019-03-11 08:10:00,0.79,08:10,2019-03-11
3573,SÃO PAULO,355030833A,SP,AC Central de SP,-46.635987,-23.543311,2019-03-11 08:20:00,0.59,08:20,2019-03-11
3574,SÃO PAULO,355030833A,SP,AC Central de SP,-46.635987,-23.543311,2019-03-11 08:30:00,0.59,08:30,2019-03-11
3575,SÃO PAULO,355030833A,SP,AC Central de SP,-46.635987,-23.543311,2019-03-11 08:40:00,0.59,08:40,2019-03-11
3576,SÃO PAULO,355030833A,SP,AC Central de SP,-46.635987,-23.543311,2019-03-11 08:50:00,0.79,08:50,2019-03-11
3577,SÃO PAULO,355030833A,SP,AC Central de SP,-46.635987,-23.543311,2019-03-11 09:00:00,0.59,09:00,2019-03-11
3578,SÃO PAULO,355030833A,SP,AC Central de SP,-46.635987,-23.543311,2019-03-11 09:10:00,0.59,09:10,2019-03-11
3579,SÃO PAULO,355030833A,SP,AC Central de SP,-46.635987,-23.543311,2019-03-11 09:20:00,0.79,09:20,2019-03-11
3580,SÃO PAULO,355030833A,SP,AC Central de SP,-46.635987,-23.543311,2019-03-11 09:30:00,0.59,09:30,2019-03-11
3581,SÃO PAULO,355030833A,SP,AC Central de SP,-46.635987,-23.543311,2019-03-11 09:40:00,0.59,09:40,2019-03-11
3582,SÃO PAULO,355030833A,SP,AC Central de SP,-46.635987,-23.543311,2019-03-11 09:50:00,0.59,09:50,2019-03-11
3583,SÃO PAULO,355030833A,SP,AC Central de SP,-46.635987,-23.543311,2019-03-11 10:00:00,0.59,10:00,2019-03-11
3584,SÃO PAULO,355030833A,SP,AC Central de SP,-46.635987,-23.543311,2019-03-11 10:10:00,0.59,10:10,2019-03-11
3585,SÃO PAULO,355030833A,SP,AC Central de SP,-46.635987,-23.543311,2019-03-11 10:20:00,0.59,10:20,2019-03-11
3586,SÃO PAULO,355030833A,SP,AC Central de SP,-46.635987,-23.543311,2019-03-11 10:30:00,0.59,10:30,2019-03-11
3587,SÃO PAULO,355030833A,SP,AC Central de SP,-46.635987,-23.543311,2019-03-11 10:40:00,0.59,10:40,2019-03-11
3588,SÃO PAULO,355030833A,SP,AC Central de SP,-46.635987,-23.543311,2019-03-11 10:50:00,0.79,10:50,2019-03-11
3589,SÃO PAULO,355030833A,SP,AC Central de SP,-46.635987,-23.543311,2019-03-11 11:00:00,0.59,11:00,2019-03-11
3590,SÃO PAULO,355030833A,SP,AC Central de SP,-46.635987,-23.543311,2019-03-11 11:10:00,0.59,11:10,2019-03-11
3591,SÃO PAULO,355030833A,SP,AC Central de SP,-46.635987,-23.543311,2019-03-11 11:20:00,0.59,11:20,2019-03-11
3592,SÃO PAULO,355030833A,SP,AC Central de SP,-46.635987,-23.543311,2019-03-11 11:30:00,0.39,11:30,2019-03-11
3593,SÃO PAULO,355030833A,SP,AC Central de SP,-46.635987,-23.543311,2019-03-11 11:40:00,0.59,11:40,2019-03-11
3594,SÃO PAULO,355030833A,SP,AC Central de SP,-46.635987,-23.543311,2019-03-11 11:50:00,0.59,11:50,2019-03-11
3595,SÃO PAULO,355030833A,SP,AC Central de SP,-46.635987,-23.543311,2019-03-11 12:00:00,0.59,12:00,2019-03-11
3596,SÃO PAULO,355030833A,SP,AC Central de SP,-46.635987,-23.543311,2019-03-11 12:10:00,0.39,12:10,2019-03-11
3597,SÃO PAULO,355030833A,SP,AC Central de SP,-46.635987,-23.543311,2019-03-11 12:20:00,0.59,12:20,2019-03-11
3598,SÃO PAULO,355030833A,SP,AC Central de SP,-46.635987,-23.543311,2019-03-11 12:30:00,0.59,12:30,2019-03-11
3599,SÃO PAULO,355030833A,SP,AC Central de SP,-46.635987,-23.543311,2019-03-11 12:40:00,0.39,12:40,2019-03-11
3600,SÃO PAULO,355030833A,SP,AC Central de SP,-46.635987,-23.543311,2019-03-11 12:50:00,0.39,12:50,2019-03-11
3601,SÃO PAULO,355030833A,SP,AC Central de SP,-46.635987,-23.543311,2019-03-11 13:00:00,0.59,13:00,2019-03-11
3602,SÃO PAULO,355030833A,SP,AC Central de SP,-46.635987,-23.543311,2019-03-11 13:10:00,0.39,13:10,2019-03-11
3603,SÃO PAULO,355030833A,SP,AC Central de SP,-46.635987,-23.543311,2019-03-11 13:20:00,0.39,13:20,2019-03-11
3604,SÃO PAULO,355030833A,SP,AC Central de SP,-46.635987,-23.543311,2019-03-11 13:30:00,0.39,13:30,2019-03-11
3605,SÃO PAULO,355030833A,SP,AC Central de SP,-46.635987,-23.543311,2019-03-11 13:40:00,0.2,13:40,2019-03-11
3606,SÃO PAULO,355030833A,SP,AC Central de SP,-46.635987,-23.543311,2019-03-11 13:50:00,0.39,13:50,2019-03-11
3607,SÃO PAULO,355030833A,SP,AC Central de SP,-46.635987,-23.543311,2019-03-11 14:00:00,0.39,14:00,2019-03-11
3608,SÃO PAULO,355030833A,SP,AC Central de SP,-46.635987,-23.543311,2019-03-11 14:10:00,0.39,14:10,2019-03-11
3609,SÃO PAULO,355030833A,SP,AC Central de SP,-46.635987,-23.543311,2019-03-11 14:20:00,0.2,14:20,2019-03-11
3610,SÃO PAULO,355030833A,SP,AC Central de SP,-46.635987,-23.543311,2019-03-11 14:30:00,0.39,14:30,2019-03-11
3611,SÃO PAULO,355030833A,SP,AC Central de SP,-46.635987,-23.543311,2019-03-11 14:40:00,0.39,14:40,2019-03-11
3612,SÃO PAULO,355030833A,SP,AC Central de SP,-46.635987,-23.543311,2019-03-11 14:50:00,0.2,14:50,2019-03-11
3613,SÃO PAULO,355030833A,SP,AC Central de SP,-46.635987,-23.543311,2019-03-11 15:00:00,0.39,15:00,2019-03-11
3614,SÃO PAULO,355030833A,SP,AC Central de SP,-46.635987,-23.543311,2019-03-11 15:10:00,0.2,15:10,2019-03-11
3615,SÃO PAULO,355030833A,SP,AC Central de SP,-46.635987,-23.543311,2019-03-11 15:20:00,0.2,15:20,2019-03-11
3616,SÃO PAULO,355030833A,SP,AC Central de SP,-46.635987,-23.543311,2019-03-11 15:40:00,0.2,15:40,2019-03-11
3617,SÃO PAULO,355030833A,SP,AC Central de SP,-46.635987,-23.543311,2019-03-11 15:50:00,0.0,15:50,2019-03-11
3618,SÃO PAULO,355030833A,SP,AC Central de SP,-46.635987,-23.543311,2019-03-11 16:40:00,0.2,16:40,2019-03-11
3619,SÃO PAULO,355030833A,SP,AC Central de SP,-46.635987,-23.543311,2019-03-11 17:50:00,0.0,17:50,2019-03-11
3620,SÃO PAULO,355030833A,SP,AC Central de SP,-46.635987,-23.543311,2019-03-11 18:50:00,0.0,18:50,2019-03-11
3621,SÃO PAULO,355030833A,SP,AC Central de SP,-46.635987,-23.543311,2019-03-11 19:30:00,0.2,19:30,2019-03-11
3622,SÃO PAULO,355030833A,SP,AC Central de SP,-46.635987,-23.543311,2019-03-11 19:50:00,0.0,19:50,2019-03-11
3623,SÃO PAULO,355030833A,SP,AC Central de SP,-46.635987,-23.543311,2019-03-11 20:50:00,0.0,20:50,2019-03-11
3624,SÃO PAULO,355030833A,SP,AC Central de SP,-46.635987,-23.543311,2019-03-11 21:50:00,0.0,21:50,2019-03-11
3625,SÃO PAULO,355030833A,SP,AC Central de SP,-46.635987,-23.543311,2019-03-11 22:50:00,0.0,22:50,2019-03-11
3626,SÃO PAULO,355030833A,SP,AC Central de SP,-46.635987,-23.543311,2019-03-11 23:50:00,0.0,23:50,2019-03-11
3627,SÃO PAULO,355030833A,SP,AC Central de SP,-46.635987,-23.543311,2019-03-12 00:50:00,0.0,00:50,2019-03-12
3628,SÃO PAULO,355030833A,SP,AC Central de SP,-46.635987,-23.543311,2019-03-12 01:50:00,0.0,01:50,2019-03-12
3629,SÃO PAULO,355030833A,SP,AC Central de SP,-46.635987,-23.543311,2019-03-12 02:50:00,0.0,02:50,2019-03-12
3630,SÃO PAULO,355030833A,SP,AC Central de SP,-46.635987,-23.543311,2019-03-12 03:50:00,0.0,03:50,2019-03-12
3631,SÃO PAULO,355030833A,SP,AC Central de SP,-46.635987,-23.543311,2019-03-12 04:50:00,0.0,04:50,2019-03-12
3632,SÃO PAULO,355030833A,SP,AC Central de SP,-46.635987,-23.543311,2019-03-12 05:50:00,0.0,05:50,2019-03-12
3633,SÃO PAULO,355030833A,SP,AC Central de SP,-46.635987,-23.543311,2019-03-12 06:50:00,0.0,06:50,2019-03-12
3634,SÃO PAULO,355030833A,SP,AC Central de SP,-46.635987,-23.543311,2019-03-12 07:50:00,0.0,07:50,2019-03-12
3635,SÃO PAULO,355030833A,SP,AC Central de SP,-46.635987,-23.543311,2019-03-12 08:50:00,0.0,08:50,2019-03-12
3636,SÃO PAULO,355030833A,SP,AC Central de SP,-46.635987,-23.543311,2019-03-12 09:50:00,0.0,09:50,2019-03-12
3637,SÃO PAULO,355030833A,SP,AC Central de SP,-46.635987,-23.543311,2019-03-12 10:50:00,0.0,10:50,2019-03-12
3638,SÃO PAULO,355030833A,SP,AC Central de SP,-46.635987,-23.543311,2019-03-12 11:50:00,0.0,11:50,2019-03-12
3639,SÃO PAULO,355030833A,SP,AC Central de SP,-46.635987,-23.543311,2019-03-12 12:50:00,0.0,12:50,2019-03-12
3640,SÃO PAULO,355030833A,SP,AC Central de SP,-46.635987,-23.543311,2019-03-12 13:50:00,0.0,13:50,2019-03-12
3641,SÃO PAULO,355030833A,SP,AC Central de SP,-46.635987,-23.543311,2019-03-12 14:50:00,0.0,14:50,2019-03-12
3642,SÃO PAULO,355030833A,SP,AC Central de SP,-46.635987,-23.543311,2019-03-12 15:50:00,0.0,15:50,2019-03-12
3643,SÃO PAULO,355030833A,SP,AC Central de SP,-46.635987,-23.543311,2019-03-12 16:50:00,0.0,16:50,2019-03-12
3644,SÃO PAULO,355030833A,SP,AC Central de SP,-46.635987,-23.543311,2019-03-12 17:50:00,0.0,17:50,2019-03-12
3645,SÃO PAULO,355030833A,SP,AC Central de SP,-46.635987,-23.543311,2019-03-12 18:50:00,0.0,18:50,2019-03-12
3646,SÃO PAULO,355030833A,SP,AC Central de SP,-46.635987,-23.543311,2019-03-12 19:50:00,0.0,19:50,2019-03-12
3647,SÃO PAULO,355030833A,SP,AC Central de SP,-46.635987,-23.543311,2019-03-12 20:50:00,0.0,20:50,2019-03-12
3648,SÃO PAULO,355030833A,SP,AC Central de SP,-46.635987,-23.543311,2019-03-12 21:20:00,0.39,21:20,2019-03-12
3649,SÃO PAULO,355030833A,SP,AC Central de SP,-46.635987,-23.543311,2019-03-12 21:30:00,0.59,21:30,2019-03-12
3650,SÃO PAULO,355030833A,SP,AC Central de SP,-46.635987,-23.543311,2019-03-12 21:40:00,0.59,21:40,2019-03-12
3651,SÃO PAULO,355030833A,SP,AC Central de SP,-46.635987,-23.543311,2019-03-12 21:50:00,0.2,21:50,2019-03-12
3652,SÃO PAULO,355030833A,SP,AC Central de SP,-46.635987,-23.543311,2019-03-12 22:00:00,0.2,22:00,2019-03-12
3653,SÃO PAULO,355030833A,SP,AC Central de SP,-46.635987,-23.543311,2019-03-12 22:50:00,0.0,22:50,2019-03-12
3654,SÃO PAULO,355030833A,SP,AC Central de SP,-46.635987,-23.543311,2019-03-12 23:50:00,0.0,23:50,2019-03-12
3655,SÃO PAULO,355030833A,SP,AC Central de SP,-46.635987,-23.543311,2019-03-13 00:50:00,0.0,00:50,2019-03-13
3656,SÃO PAULO,355030833A,SP,AC Central de SP,-46.635987,-23.543311,2019-03-13 01:50:00,0.0,01:50,2019-03-13
3657,SÃO PAULO,355030833A,SP,AC Central de SP,-46.635987,-23.543311,2019-03-13 02:50:00,0.0,02:50,2019-03-13
3658,SÃO PAULO,355030833A,SP,AC Central de SP,-46.635987,-23.543311,2019-03-13 03:50:00,0.0,03:50,2019-03-13
3659,SÃO PAULO,355030833A,SP,AC Central de SP,-46.635987,-23.543311,2019-03-13 04:50:00,0.0,04:50,2019-03-13
3660,SÃO PAULO,355030833A,SP,AC Central de SP,-46.635987,-23.543311,2019-03-13 05:50:00,0.0,05:50,2019-03-13
3661,SÃO PAULO,355030833A,SP,AC Central de SP,-46.635987,-23.543311,2019-03-13 06:50:00,0.0,06:50,2019-03-13
3662,SÃO PAULO,355030833A,SP,AC Central de SP,-46.635987,-23.543311,2019-03-13 07:50:00,0.0,07:50,2019-03-13
3663,SÃO PAULO,355030833A,SP,AC Central de SP,-46.635987,-23.543311,2019-03-13 08:50:00,0.0,08:50,2019-03-13
3664,SÃO PAULO,355030833A,SP,AC Central de SP,-46.635987,-23.543311,2019-03-13 09:50:00,0.0,09:50,2019-03-13
3665,SÃO PAULO,355030833A,SP,AC Central de SP,-46.635987,-23.543311,2019-03-13 10:50:00,0.0,10:50,2019-03-13
3666,SÃO PAULO,355030833A,SP,AC Central de SP,-46.635987,-23.543311,2019-03-13 11:50:00,0.0,11:50,2019-03-13
3667,SÃO PAULO,355030833A,SP,AC Central de SP,-46.635987,-23.543311,2019-03-13 12:50:00,0.0,12:50,2019-03-13
3668,SÃO PAULO,355030833A,SP,AC Central de SP,-46.635987,-23.543311,2019-03-13 13:50:00,0.0,13:50,2019-03-13
3669,SÃO PAULO,355030833A,SP,AC Central de SP,-46.635987,-23.543311,2019-03-13 14:50:00,0.0,14:50,2019-03-13
3670,SÃO PAULO,355030833A,SP,AC Central de SP,-46.635987,-23.543311,2019-03-13 15:50:00,0.0,15:50,2019-03-13
3671,SÃO PAULO,355030833A,SP,AC Central de SP,-46.635987,-23.543311,2019-03-13 16:50:00,0.0,16:50,2019-03-13
3672,SÃO PAULO,355030833A,SP,AC Central de SP,-46.635987,-23.543311,2019-03-13 17:50:00,0.0,17:50,2019-03-13
3673,SÃO PAULO,355030833A,SP,AC Central de SP,-46.635987,-23.543311,2019-03-13 18:50:00,0.0,18:50,2019-03-13
3674,SÃO PAULO,355030833A,SP,AC Central de SP,-46.635987,-23.543311,2019-03-13 19:50:00,0.0,19:50,2019-03-13
3675,SÃO PAULO,355030833A,SP,AC Central de SP,-46.635987,-23.543311,2019-03-13 20:50:00,0.0,20:50,2019-03-13
3676,SÃO PAULO,355030833A,SP,AC Central de SP,-46.635987,-23.543311,2019-03-13 21:50:00,0.0,21:50,2019-03-13
3677,SÃO PAULO,355030833A,SP,AC Central de SP,-46.635987,-23.543311,2019-03-13 22:50:00,0.0,22:50,2019-03-13
3678,SÃO PAULO,355030833A,SP,AC Central de SP,-46.635987,-23.543311,2019-03-13 23:50:00,0.0,23:50,2019-03-13
3679,SÃO PAULO,355030833A,SP,AC Central de SP,-46.635987,-23.543311,2019-03-14 00:50:00,0.0,00:50,2019-03-14
3680,SÃO PAULO,355030833A,SP,AC Central de SP,-46.635987,-23.543311,2019-03-14 01:50:00,0.0,01:50,2019-03-14
3681,SÃO PAULO,355030833A,SP,AC Central de SP,-46.635987,-23.543311,2019-03-14 02:50:00,0.0,02:50,2019-03-14
3682,SÃO PAULO,355030833A,SP,AC Central de SP,-46.635987,-23.543311,2019-03-14 03:50:00,0.0,03:50,2019-03-14
3683,SÃO PAULO,355030833A,SP,AC Central de SP,-46.635987,-23.543311,2019-03-14 04:50:00,0.0,04:50,2019-03-14
3684,SÃO PAULO,355030833A,SP,AC Central de SP,-46.635987,-23.543311,2019-03-14 05:50:00,0.0,05:50,2019-03-14
3685,SÃO PAULO,355030833A,SP,AC Central de SP,-46.635987,-23.543311,2019-03-14 06:50:00,0.0,06:50,2019-03-14
3686,SÃO PAULO,355030833A,SP,AC Central de SP,-46.635987,-23.543311,2019-03-14 07:50:00,0.0,07:50,2019-03-14
3687,SÃO PAULO,355030833A,SP,AC Central de SP,-46.635987,-23.543311,2019-03-14 08:50:00,0.0,08:50,2019-03-14
3688,SÃO PAULO,355030833A,SP,AC Central de SP,-46.635987,-23.543311,2019-03-14 09:50:00,0.0,09:50,2019-03-14
3689,SÃO PAULO,355030833A,SP,AC Central de SP,-46.635987,-23.543311,2019-03-14 10:50:00,0.0,10:50,2019-03-14
3690,SÃO PAULO,355030833A,SP,AC Central de SP,-46.635987,-23.543311,2019-03-14 11:50:00,0.0,11:50,2019-03-14
3691,SÃO PAULO,355030833A,SP,AC Central de SP,-46.635987,-23.543311,2019-03-14 12:50:00,0.0,12:50,2019-03-14
3692,SÃO PAULO,355030833A,SP,AC Central de SP,-46.635987,-23.543311,2019-03-14 13:50:00,0.0,13:50,2019-03-14
3693,SÃO PAULO,355030833A,SP,AC Central de SP,-46.635987,-23.543311,2019-03-14 14:50:00,0.0,14:50,2019-03-14
3694,SÃO PAULO,355030833A,SP,AC Central de SP,-46.635987,-23.543311,2019-03-14 15:50:00,0.0,15:50,2019-03-14
3695,SÃO PAULO,355030833A,SP,AC Central de SP,-46.635987,-23.543311,2019-03-14 16:20:00,0.2,16:20,2019-03-14
3696,SÃO PAULO,355030833A,SP,AC Central de SP,-46.635987,-23.543311,2019-03-14 16:30:00,0.2,16:30,2019-03-14
3697,SÃO PAULO,355030833A,SP,AC Central de SP,-46.635987,-23.543311,2019-03-14 16:50:00,0.0,16:50,2019-03-14
3698,SÃO PAULO,355030833A,SP,AC Central de SP,-46.635987,-23.543311,2019-03-14 17:50:00,0.0,17:50,2019-03-14
3699,SÃO PAULO,355030833A,SP,AC Central de SP,-46.635987,-23.543311,2019-03-14 18:50:00,0.0,18:50,2019-03-14
3700,SÃO PAULO,355030833A,SP,AC Central de SP,-46.635987,-23.543311,2019-03-14 19:30:00,0.2,19:30,2019-03-14
3701,SÃO PAULO,355030833A,SP,AC Central de SP,-46.635987,-23.543311,2019-03-14 19:40:00,0.39,19:40,2019-03-14
3702,SÃO PAULO,355030833A,SP,AC Central de SP,-46.635987,-23.543311,2019-03-14 19:50:00,0.2,19:50,2019-03-14
3703,SÃO PAULO,355030833A,SP,AC Central de SP,-46.635987,-23.543311,2019-03-14 20:50:00,0.0,20:50,2019-03-14
3704,SÃO PAULO,355030833A,SP,AC Central de SP,-46.635987,-23.543311,2019-03-14 21:50:00,0.0,21:50,2019-03-14
3705,SÃO PAULO,355030833A,SP,AC Central de SP,-46.635987,-23.543311,2019-03-14 22:50:00,0.0,22:50,2019-03-14
3706,SÃO PAULO,355030833A,SP,AC Central de SP,-46.635987,-23.543311,2019-03-14 23:20:00,0.2,23:20,2019-03-14
3707,SÃO PAULO,355030833A,SP,AC Central de SP,-46.635987,-23.543311,2019-03-14 23:30:00,0.2,23:30,2019-03-14
3708,SÃO PAULO,355030833A,SP,AC Central de SP,-46.635987,-23.543311,2019-03-15 00:00:00,0.2,00:00,2019-03-15
3709,SÃO PAULO,355030833A,SP,AC Central de SP,-46.635987,-23.543311,2019-03-15 00:50:00,0.0,00:50,2019-03-15
3710,SÃO PAULO,355030833A,SP,AC Central de SP,-46.635987,-23.543311,2019-03-15 01:20:00,0.2,01:20,2019-03-15
3711,SÃO PAULO,355030833A,SP,AC Central de SP,-46.635987,-23.543311,2019-03-15 01:40:00,0.2,01:40,2019-03-15
3712,SÃO PAULO,355030833A,SP,AC Central de SP,-46.635987,-23.543311,2019-03-15 01:50:00,0.2,01:50,2019-03-15
3713,SÃO PAULO,355030833A,SP,AC Central de SP,-46.635987,-23.543311,2019-03-15 02:00:00,0.2,02:00,2019-03-15
3714,SÃO PAULO,355030833A,SP,AC Central de SP,-46.635987,-23.543311,2019-03-15 02:10:00,0.2,02:10,2019-03-15
3715,SÃO PAULO,355030833A,SP,AC Central de SP,-46.635987,-23.543311,2019-03-15 02:20:00,0.2,02:20,2019-03-15
3716,SÃO PAULO,355030833A,SP,AC Central de SP,-46.635987,-23.543311,2019-03-15 02:40:00,0.2,02:40,2019-03-15
3717,SÃO PAULO,355030833A,SP,AC Central de SP,-46.635987,-23.543311,2019-03-15 02:50:00,0.2,02:50,2019-03-15
3718,SÃO PAULO,355030833A,SP,AC Central de SP,-46.635987,-23.543311,2019-03-15 03:00:00,0.2,03:00,2019-03-15
3719,SÃO PAULO,355030833A,SP,AC Central de SP,-46.635987,-23.543311,2019-03-15 03:10:00,0.39,03:10,2019-03-15
3720,SÃO PAULO,355030833A,SP,AC Central de SP,-46.635987,-23.543311,2019-03-15 03:30:00,0.2,03:30,2019-03-15
3721,SÃO PAULO,355030833A,SP,AC Central de SP,-46.635987,-23.543311,2019-03-15 03:40:00,0.2,03:40,2019-03-15
3722,SÃO PAULO,355030833A,SP,AC Central de SP,-46.635987,-23.543311,2019-03-15 03:50:00,0.2,03:50,2019-03-15
3723,SÃO PAULO,355030833A,SP,AC Central de SP,-46.635987,-23.543311,2019-03-15 04:00:00,0.2,04:00,2019-03-15
3724,SÃO PAULO,355030833A,SP,AC Central de SP,-46.635987,-23.543311,2019-03-15 04:10:00,0.2,04:10,2019-03-15
3725,SÃO PAULO,355030833A,SP,AC Central de SP,-46.635987,-23.543311,2019-03-15 04:30:00,0.2,04:30,2019-03-15
3726,SÃO PAULO,355030833A,SP,AC Central de SP,-46.635987,-23.543311,2019-03-15 04:50:00,0.2,04:50,2019-03-15
3727,SÃO PAULO,355030833A,SP,AC Central de SP,-46.635987,-23.543311,2019-03-15 05:20:00,0.2,05:20,2019-03-15
3728,SÃO PAULO,355030833A,SP,AC Central de SP,-46.635987,-23.543311,2019-03-15 05:50:00,0.2,05:50,2019-03-15
3729,SÃO PAULO,355030833A,SP,AC Central de SP,-46.635987,-23.543311,2019-03-15 06:50:00,0.0,06:50,2019-03-15
3730,SÃO PAULO,355030833A,SP,AC Central de SP,-46.635987,-23.543311,2019-03-15 07:50:00,0.0,07:50,2019-03-15
3731,SÃO PAULO,355030833A,SP,AC Central de SP,-46.635987,-23.543311,2019-03-15 08:50:00,0.0,08:50,2019-03-15
3732,SÃO PAULO,355030833A,SP,AC Central de SP,-46.635987,-23.543311,2019-03-15 09:50:00,0.0,09:50,2019-03-15
3733,SÃO PAULO,355030833A,SP,AC Central de SP,-46.635987,-23.543311,2019-03-15 10:50:00,0.0,10:50,2019-03-15
3734,SÃO PAULO,355030833A,SP,AC Central de SP,-46.635987,-23.543311,2019-03-15 11:50:00,0.0,11:50,2019-03-15
3735,SÃO PAULO,355030833A,SP,AC Central de SP,-46.635987,-23.543311,2019-03-15 12:50:00,0.0,12:50,2019-03-15
3736,SÃO PAULO,355030833A,SP,AC Central de SP,-46.635987,-23.543311,2019-03-15 13:50:00,0.0,13:50,2019-03-15
3737,SÃO PAULO,355030833A,SP,AC Central de SP,-46.635987,-23.543311,2019-03-15 14:50:00,0.0,14:50,2019-03-15
3738,SÃO PAULO,355030833A,SP,AC Central de SP,-46.635987,-23.543311,2019-03-15 15:50:00,0.0,15:50,2019-03-15
3739,SÃO PAULO,355030833A,SP,AC Central de SP,-46.635987,-23.543311,2019-03-15 16:50:00,0.0,16:50,2019-03-15
3740,SÃO PAULO,355030833A,SP,AC Central de SP,-46.635987,-23.543311,2019-03-15 17:50:00,0.0,17:50,2019-03-15
3741,SÃO PAULO,355030833A,SP,AC Central de SP,-46.635987,-23.543311,2019-03-15 18:50:00,0.0,18:50,2019-03-15
3742,SÃO PAULO,355030833A,SP,AC Central de SP,-46.635987,-23.543311,2019-03-15 19:30:00,0.2,19:30,2019-03-15
3743,SÃO PAULO,355030833A,SP,AC Central de SP,-46.635987,-23.543311,2019-03-15 19:50:00,0.2,19:50,2019-03-15
3744,SÃO PAULO,355030833A,SP,AC Central de SP,-46.635987,-23.543311,2019-03-15 20:00:00,0.0,20:00,2019-03-15
3745,SÃO PAULO,355030833A,SP,AC Central de SP,-46.635987,-23.543311,2019-03-15 20:50:00,0.0,20:50,2019-03-15
3746,SÃO PAULO,355030833A,SP,AC Central de SP,-46.635987,-23.543311,2019-03-15 21:50:00,0.0,21:50,2019-03-15
3747,SÃO PAULO,355030833A,SP,AC Central de SP,-46.635987,-23.543311,2019-03-15 22:10:00,0.2,22:10,2019-03-15
3748,SÃO PAULO,355030833A,SP,AC Central de SP,-46.635987,-23.543311,2019-03-15 22:30:00,0.2,22:30,2019-03-15
3749,SÃO PAULO,355030833A,SP,AC Central de SP,-46.635987,-23.543311,2019-03-15 22:50:00,0.2,22:50,2019-03-15
3750,SÃO PAULO,355030833A,SP,AC Central de SP,-46.635987,-23.543311,2019-03-15 23:10:00,0.2,23:10,2019-03-15
3751,SÃO PAULO,355030833A,SP,AC Central de SP,-46.635987,-23.543311,2019-03-15 23:20:00,0.2,23:20,2019-03-15
3752,SÃO PAULO,355030833A,SP,AC Central de SP,-46.635987,-23.543311,2019-03-15 23:40:00,0.2,23:40,2019-03-15
3753,SÃO PAULO,355030833A,SP,AC Central de SP,-46.635987,-23.543311,2019-03-15 23:50:00,0.0,23:50,2019-03-15
3754,SÃO PAULO,355030833A,SP,AC Central de SP,-46.635987,-23.543311,2019-03-16 00:50:00,0.0,00:50,2019-03-16
3755,SÃO PAULO,355030833A,SP,AC Central de SP,-46.635987,-23.543311,2019-03-16 01:50:00,0.0,01:50,2019-03-16
3756,SÃO PAULO,355030833A,SP,AC Central de SP,-46.635987,-23.543311,2019-03-16 02:50:00,0.0,02:50,2019-03-16
3757,SÃO PAULO,355030833A,SP,AC Central de SP,-46.635987,-23.543311,2019-03-16 03:10:00,0.2,03:10,2019-03-16
3758,SÃO PAULO,355030833A,SP,AC Central de SP,-46.635987,-23.543311,2019-03-16 03:50:00,0.0,03:50,2019-03-16
3759,SÃO PAULO,355030833A,SP,AC Central de SP,-46.635987,-23.543311,2019-03-16 04:50:00,0.0,04:50,2019-03-16
3760,SÃO PAULO,355030833A,SP,AC Central de SP,-46.635987,-23.543311,2019-03-16 05:50:00,0.0,05:50,2019-03-16
3761,SÃO PAULO,355030833A,SP,AC Central de SP,-46.635987,-23.543311,2019-03-16 06:50:00,0.0,06:50,2019-03-16
3762,SÃO PAULO,355030833A,SP,AC Central de SP,-46.635987,-23.543311,2019-03-16 07:50:00,0.0,07:50,2019-03-16
3763,SÃO PAULO,355030833A,SP,AC Central de SP,-46.635987,-23.543311,2019-03-16 08:50:00,0.0,08:50,2019-03-16
3764,SÃO PAULO,355030833A,SP,AC Central de SP,-46.635987,-23.543311,2019-03-16 09:50:00,0.0,09:50,2019-03-16
3765,SÃO PAULO,355030833A,SP,AC Central de SP,-46.635987,-23.543311,2019-03-16 10:50:00,0.0,10:50,2019-03-16
3766,SÃO PAULO,355030833A,SP,AC Central de SP,-46.635987,-23.543311,2019-03-16 11:50:00,0.0,11:50,2019-03-16
3767,SÃO PAULO,355030833A,SP,AC Central de SP,-46.635987,-23.543311,2019-03-16 12:50:00,0.0,12:50,2019-03-16
3768,SÃO PAULO,355030833A,SP,AC Central de SP,-46.635987,-23.543311,2019-03-16 13:50:00,0.0,13:50,2019-03-16
3769,SÃO PAULO,355030833A,SP,AC Central de SP,-46.635987,-23.543311,2019-03-16 14:50:00,0.0,14:50,2019-03-16
3770,SÃO PAULO,355030833A,SP,AC Central de SP,-46.635987,-23.543311,2019-03-16 15:50:00,0.0,15:50,2019-03-16
3771,SÃO PAULO,355030833A,SP,AC Central de SP,-46.635987,-23.543311,2019-03-16 16:50:00,0.0,16:50,2019-03-16
3772,SÃO PAULO,355030833A,SP,AC Central de SP,-46.635987,-23.543311,2019-03-16 17:50:00,0.0,17:50,2019-03-16
3773,SÃO PAULO,355030833A,SP,AC Central de SP,-46.635987,-23.543311,2019-03-16 18:50:00,0.0,18:50,2019-03-16
3774,SÃO PAULO,355030833A,SP,AC Central de SP,-46.635987,-23.543311,2019-03-16 19:50:00,0.0,19:50,2019-03-16
3775,SÃO PAULO,355030833A,SP,AC Central de SP,-46.635987,-23.543311,2019-03-16 20:50:00,0.0,20:50,2019-03-16
3776,SÃO PAULO,355030833A,SP,AC Central de SP,-46.635987,-23.543311,2019-03-16 21:50:00,0.0,21:50,2019-03-16
3777,SÃO PAULO,355030833A,SP,AC Central de SP,-46.635987,-23.543311,2019-03-16 22:50:00,0.0,22:50,2019-03-16
3778,SÃO PAULO,355030833A,SP,AC Central de SP,-46.635987,-23.543311,2019-03-16 23:10:00,0.2,23:10,2019-03-16
3779,SÃO PAULO,355030833A,SP,AC Central de SP,-46.635987,-23.543311,2019-03-16 23:20:00,0.2,23:20,2019-03-16
3780,SÃO PAULO,355030833A,SP,AC Central de SP,-46.635987,-23.543311,2019-03-16 23:50:00,0.0,23:50,2019-03-16
3781,SÃO PAULO,355030833A,SP,AC Central de SP,-46.635987,-23.543311,2019-03-17 00:50:00,0.0,00:50,2019-03-17
3782,SÃO PAULO,355030833A,SP,AC Central de SP,-46.635987,-23.543311,2019-03-17 01:50:00,0.0,01:50,2019-03-17
3783,SÃO PAULO,355030833A,SP,AC Central de SP,-46.635987,-23.543311,2019-03-17 02:50:00,0.0,02:50,2019-03-17
3784,SÃO PAULO,355030833A,SP,AC Central de SP,-46.635987,-23.543311,2019-03-17 03:50:00,0.0,03:50,2019-03-17
3785,SÃO PAULO,355030833A,SP,AC Central de SP,-46.635987,-23.543311,2019-03-17 04:50:00,0.0,04:50,2019-03-17
3786,SÃO PAULO,355030833A,SP,AC Central de SP,-46.635987,-23.543311,2019-03-17 06:50:00,0.0,06:50,2019-03-17
3787,SÃO PAULO,355030833A,SP,AC Central de SP,-46.635987,-23.543311,2019-03-17 07:50:00,0.0,07:50,2019-03-17
3788,SÃO PAULO,355030833A,SP,AC Central de SP,-46.635987,-23.543311,2019-03-17 08:50:00,0.0,08:50,2019-03-17
3789,SÃO PAULO,355030833A,SP,AC Central de SP,-46.635987,-23.543311,2019-03-17 09:50:00,0.0,09:50,2019-03-17
3790,SÃO PAULO,355030833A,SP,AC Central de SP,-46.635987,-23.543311,2019-03-17 10:50:00,0.0,10:50,2019-03-17
3791,SÃO PAULO,355030833A,SP,AC Central de SP,-46.635987,-23.543311,2019-03-17 11:50:00,0.0,11:50,2019-03-17
3792,SÃO PAULO,355030833A,SP,AC Central de SP,-46.635987,-23.543311,2019-03-17 12:50:00,0.0,12:50,2019-03-17
3793,SÃO PAULO,355030833A,SP,AC Central de SP,-46.635987,-23.543311,2019-03-17 13:50:00,0.0,13:50,2019-03-17
3794,SÃO PAULO,355030833A,SP,AC Central de SP,-46.635987,-23.543311,2019-03-17 14:50:00,0.0,14:50,2019-03-17
3795,SÃO PAULO,355030833A,SP,AC Central de SP,-46.635987,-23.543311,2019-03-17 15:50:00,0.0,15:50,2019-03-17
3796,SÃO PAULO,355030833A,SP,AC Central de SP,-46.635987,-23.543311,2019-03-17 16:00:00,0.39,16:00,2019-03-17
3797,SÃO PAULO,355030833A,SP,AC Central de SP,-46.635987,-23.543311,2019-03-17 16:10:00,0.79,16:10,2019-03-17
3798,SÃO PAULO,355030833A,SP,AC Central de SP,-46.635987,-23.543311,2019-03-17 16:20:00,0.39,16:20,2019-03-17
3799,SÃO PAULO,355030833A,SP,AC Central de SP,-46.635987,-23.543311,2019-03-17 16:30:00,0.2,16:30,2019-03-17
3800,SÃO PAULO,355030833A,SP,AC Central de SP,-46.635987,-23.543311,2019-03-17 16:40:00,0.2,16:40,2019-03-17
3801,SÃO PAULO,355030833A,SP,AC Central de SP,-46.635987,-23.543311,2019-03-17 16:50:00,0.2,16:50,2019-03-17
3802,SÃO PAULO,355030833A,SP,AC Central de SP,-46.635987,-23.543311,2019-03-17 17:50:00,0.39,17:50,2019-03-17
3803,SÃO PAULO,355030833A,SP,AC Central de SP,-46.635987,-23.543311,2019-03-17 18:00:00,0.39,18:00,2019-03-17
3804,SÃO PAULO,355030833A,SP,AC Central de SP,-46.635987,-23.543311,2019-03-17 18:10:00,0.39,18:10,2019-03-17
3805,SÃO PAULO,355030833A,SP,AC Central de SP,-46.635987,-23.543311,2019-03-17 18:20:00,0.39,18:20,2019-03-17
3806,SÃO PAULO,355030833A,SP,AC Central de SP,-46.635987,-23.543311,2019-03-17 18:30:00,0.39,18:30,2019-03-17
3807,SÃO PAULO,355030833A,SP,AC Central de SP,-46.635987,-23.543311,2019-03-17 18:40:00,0.39,18:40,2019-03-17
3808,SÃO PAULO,355030833A,SP,AC Central de SP,-46.635987,-23.543311,2019-03-17 18:50:00,0.2,18:50,2019-03-17
3809,SÃO PAULO,355030833A,SP,AC Central de SP,-46.635987,-23.543311,2019-03-17 19:00:00,0.39,19:00,2019-03-17
3810,SÃO PAULO,355030833A,SP,AC Central de SP,-46.635987,-23.543311,2019-03-17 19:10:00,0.39,19:10,2019-03-17
3811,SÃO PAULO,355030833A,SP,AC Central de SP,-46.635987,-23.543311,2019-03-17 19:20:00,0.2,19:20,2019-03-17
3812,SÃO PAULO,355030833A,SP,AC Central de SP,-46.635987,-23.543311,2019-03-17 19:30:00,0.2,19:30,2019-03-17
3813,SÃO PAULO,355030833A,SP,AC Central de SP,-46.635987,-23.543311,2019-03-17 19:40:00,0.2,19:40,2019-03-17
3814,SÃO PAULO,355030833A,SP,AC Central de SP,-46.635987,-23.543311,2019-03-17 19:50:00,0.39,19:50,2019-03-17
3815,SÃO PAULO,355030833A,SP,AC Central de SP,-46.635987,-23.543311,2019-03-17 20:00:00,0.2,20:00,2019-03-17
3816,SÃO PAULO,355030833A,SP,AC Central de SP,-46.635987,-23.543311,2019-03-17 20:10:00,0.2,20:10,2019-03-17
3817,SÃO PAULO,355030833A,SP,AC Central de SP,-46.635987,-23.543311,2019-03-17 20:20:00,0.39,20:20,2019-03-17
3818,SÃO PAULO,355030833A,SP,AC Central de SP,-46.635987,-23.543311,2019-03-17 20:30:00,0.2,20:30,2019-03-17
3819,SÃO PAULO,355030833A,SP,AC Central de SP,-46.635987,-23.543311,2019-03-17 20:40:00,0.2,20:40,2019-03-17
3820,SÃO PAULO,355030833A,SP,AC Central de SP,-46.635987,-23.543311,2019-03-17 20:50:00,0.2,20:50,2019-03-17
3821,SÃO PAULO,355030833A,SP,AC Central de SP,-46.635987,-23.543311,2019-03-17 21:00:00,0.2,21:00,2019-03-17
3822,SÃO PAULO,355030833A,SP,AC Central de SP,-46.635987,-23.543311,2019-03-17 21:10:00,0.2,21:10,2019-03-17
3823,SÃO PAULO,355030833A,SP,AC Central de SP,-46.635987,-23.543311,2019-03-17 21:20:00,0.2,21:20,2019-03-17
3824,SÃO PAULO,355030833A,SP,AC Central de SP,-46.635987,-23.543311,2019-03-17 21:30:00,0.2,21:30,2019-03-17
3825,SÃO PAULO,355030833A,SP,AC Central de SP,-46.635987,-23.543311,2019-03-17 21:40:00,0.2,21:40,2019-03-17
3826,SÃO PAULO,355030833A,SP,AC Central de SP,-46.635987,-23.543311,2019-03-17 21:50:00,0.2,21:50,2019-03-17
3827,SÃO PAULO,355030833A,SP,AC Central de SP,-46.635987,-23.543311,2019-03-17 22:00:00,0.2,22:00,2019-03-17
3828,SÃO PAULO,355030833A,SP,AC Central de SP,-46.635987,-23.543311,2019-03-17 22:10:00,0.2,22:10,2019-03-17
3829,SÃO PAULO,355030833A,SP,AC Central de SP,-46.635987,-23.543311,2019-03-17 22:30:00,0.2,22:30,2019-03-17
3830,SÃO PAULO,355030833A,SP,AC Central de SP,-46.635987,-23.543311,2019-03-17 22:40:00,0.2,22:40,2019-03-17
3831,SÃO PAULO,355030833A,SP,AC Central de SP,-46.635987,-23.543311,2019-03-17 22:50:00,0.0,22:50,2019-03-17
3832,SÃO PAULO,355030833A,SP,AC Central de SP,-46.635987,-23.543311,2019-03-17 23:00:00,0.2,23:00,2019-03-17
3833,SÃO PAULO,355030833A,SP,AC Central de SP,-46.635987,-23.543311,2019-03-17 23:20:00,0.2,23:20,2019-03-17
3834,SÃO PAULO,355030833A,SP,AC Central de SP,-46.635987,-23.543311,2019-03-17 23:50:00,0.2,23:50,2019-03-17
3835,SÃO PAULO,355030833A,SP,AC Central de SP,-46.635987,-23.543311,2019-03-18 00:00:00,0.0,00:00,2019-03-18
3836,SÃO PAULO,355030833A,SP,AC Central de SP,-46.635987,-23.543311,2019-03-18 00:50:00,0.0,00:50,2019-03-18
3837,SÃO PAULO,355030833A,SP,AC Central de SP,-46.635987,-23.543311,2019-03-18 01:50:00,0.0,01:50,2019-03-18
3838,SÃO PAULO,355030833A,SP,AC Central de SP,-46.635987,-23.543311,2019-03-18 02:50:00,0.0,02:50,2019-03-18
3839,SÃO PAULO,355030833A,SP,AC Central de SP,-46.635987,-23.543311,2019-03-18 03:50:00,0.0,03:50,2019-03-18
3840,SÃO PAULO,355030833A,SP,AC Central de SP,-46.635987,-23.543311,2019-03-18 04:50:00,0.0,04:50,2019-03-18
3841,SÃO PAULO,355030833A,SP,AC Central de SP,-46.635987,-23.543311,2019-03-18 05:50:00,0.0,05:50,2019-03-18
3842,SÃO PAULO,355030833A,SP,AC Central de SP,-46.635987,-23.543311,2019-03-18 06:50:00,0.0,06:50,2019-03-18
3843,SÃO PAULO,355030833A,SP,AC Central de SP,-46.635987,-23.543311,2019-03-18 07:50:00,0.0,07:50,2019-03-18
3844,SÃO PAULO,355030833A,SP,AC Central de SP,-46.635987,-23.543311,2019-03-18 08:50:00,0.0,08:50,2019-03-18
3845,SÃO PAULO,355030833A,SP,AC Central de SP,-46.635987,-23.543311,2019-03-18 09:50:00,0.0,09:50,2019-03-18
3846,SÃO PAULO,355030833A,SP,AC Central de SP,-46.635987,-23.543311,2019-03-18 10:50:00,0.0,10:50,2019-03-18
3847,SÃO PAULO,355030833A,SP,AC Central de SP,-46.635987,-23.543311,2019-03-18 11:50:00,0.0,11:50,2019-03-18
3848,SÃO PAULO,355030833A,SP,AC Central de SP,-46.635987,-23.543311,2019-03-18 12:50:00,0.0,12:50,2019-03-18
3849,SÃO PAULO,355030833A,SP,AC Central de SP,-46.635987,-23.543311,2019-03-18 13:50:00,0.0,13:50,2019-03-18
3850,SÃO PAULO,355030833A,SP,AC Central de SP,-46.635987,-23.543311,2019-03-18 14:50:00,0.0,14:50,2019-03-18
3851,SÃO PAULO,355030833A,SP,AC Central de SP,-46.635987,-23.543311,2019-03-18 15:50:00,0.0,15:50,2019-03-18
3852,SÃO PAULO,355030833A,SP,AC Central de SP,-46.635987,-23.543311,2019-03-18 16:50:00,0.0,16:50,2019-03-18
3853,SÃO PAULO,355030833A,SP,AC Central de SP,-46.635987,-23.543311,2019-03-18 17:50:00,0.0,17:50,2019-03-18
3854,SÃO PAULO,355030833A,SP,AC Central de SP,-46.635987,-23.543311,2019-03-18 18:50:00,0.0,18:50,2019-03-18
3855,SÃO PAULO,355030833A,SP,AC Central de SP,-46.635987,-23.543311,2019-03-18 19:50:00,0.0,19:50,2019-03-18
3856,SÃO PAULO,355030833A,SP,AC Central de SP,-46.635987,-23.543311,2019-03-18 20:50:00,0.0,20:50,2019-03-18
3857,SÃO PAULO,355030833A,SP,AC Central de SP,-46.635987,-23.543311,2019-03-18 21:50:00,0.0,21:50,2019-03-18
3858,SÃO PAULO,355030833A,SP,AC Central de SP,-46.635987,-23.543311,2019-03-18 22:50:00,0.0,22:50,2019-03-18
3859,SÃO PAULO,355030833A,SP,AC Central de SP,-46.635987,-23.543311,2019-03-18 23:50:00,0.0,23:50,2019-03-18
3860,SÃO PAULO,355030833A,SP,AC Central de SP,-46.635987,-23.543311,2019-03-19 00:50:00,0.0,00:50,2019-03-19
3861,SÃO PAULO,355030833A,SP,AC Central de SP,-46.635987,-23.543311,2019-03-19 01:50:00,0.0,01:50,2019-03-19
3862,SÃO PAULO,355030833A,SP,AC Central de SP,-46.635987,-23.543311,2019-03-19 02:50:00,0.0,02:50,2019-03-19
3863,SÃO PAULO,355030833A,SP,AC Central de SP,-46.635987,-23.543311,2019-03-19 03:50:00,0.0,03:50,2019-03-19
3864,SÃO PAULO,355030833A,SP,AC Central de SP,-46.635987,-23.543311,2019-03-19 04:50:00,0.0,04:50,2019-03-19
3865,SÃO PAULO,355030833A,SP,AC Central de SP,-46.635987,-23.543311,2019-03-19 05:50:00,0.0,05:50,2019-03-19
3866,SÃO PAULO,355030833A,SP,AC Central de SP,-46.635987,-23.543311,2019-03-19 06:50:00,0.0,06:50,2019-03-19
3867,SÃO PAULO,355030833A,SP,AC Central de SP,-46.635987,-23.543311,2019-03-19 07:50:00,0.0,07:50,2019-03-19
3868,SÃO PAULO,355030833A,SP,AC Central de SP,-46.635987,-23.543311,2019-03-19 08:50:00,0.0,08:50,2019-03-19
3869,SÃO PAULO,355030833A,SP,AC Central de SP,-46.635987,-23.543311,2019-03-19 09:50:00,0.0,09:50,2019-03-19
3870,SÃO PAULO,355030833A,SP,AC Central de SP,-46.635987,-23.543311,2019-03-19 10:50:00,0.0,10:50,2019-03-19
3871,SÃO PAULO,355030833A,SP,AC Central de SP,-46.635987,-23.543311,2019-03-19 11:50:00,0.0,11:50,2019-03-19
3872,SÃO PAULO,355030833A,SP,AC Central de SP,-46.635987,-23.543311,2019-03-19 12:50:00,0.0,12:50,2019-03-19
3873,SÃO PAULO,355030833A,SP,AC Central de SP,-46.635987,-23.543311,2019-03-19 13:50:00,0.0,13:50,2019-03-19
3874,SÃO PAULO,355030833A,SP,AC Central de SP,-46.635987,-23.543311,2019-03-19 14:50:00,0.0,14:50,2019-03-19
3875,SÃO PAULO,355030833A,SP,AC Central de SP,-46.635987,-23.543311,2019-03-19 15:50:00,0.0,15:50,2019-03-19
3876,SÃO PAULO,355030833A,SP,AC Central de SP,-46.635987,-23.543311,2019-03-19 16:50:00,0.0,16:50,2019-03-19
3877,SÃO PAULO,355030833A,SP,AC Central de SP,-46.635987,-23.543311,2019-03-19 17:50:00,0.0,17:50,2019-03-19
3878,SÃO PAULO,355030833A,SP,AC Central de SP,-46.635987,-23.543311,2019-03-19 18:50:00,0.0,18:50,2019-03-19
3879,SÃO PAULO,355030833A,SP,AC Central de SP,-46.635987,-23.543311,2019-03-19 19:40:00,0.2,19:40,2019-03-19
3880,SÃO PAULO,355030833A,SP,AC Central de SP,-46.635987,-23.543311,2019-03-19 19:50:00,1.18,19:50,2019-03-19
3881,SÃO PAULO,355030833A,SP,AC Central de SP,-46.635987,-23.543311,2019-03-19 20:00:00,0.59,20:00,2019-03-19
3882,SÃO PAULO,355030833A,SP,AC Central de SP,-46.635987,-23.543311,2019-03-19 20:10:00,0.39,20:10,2019-03-19
3883,SÃO PAULO,355030833A,SP,AC Central de SP,-46.635987,-23.543311,2019-03-19 20:20:00,0.39,20:20,2019-03-19
3884,SÃO PAULO,355030833A,SP,AC Central de SP,-46.635987,-23.543311,2019-03-19 20:30:00,0.39,20:30,2019-03-19
3885,SÃO PAULO,355030833A,SP,AC Central de SP,-46.635987,-23.543311,2019-03-19 20:40:00,0.39,20:40,2019-03-19
3886,SÃO PAULO,355030833A,SP,AC Central de SP,-46.635987,-23.543311,2019-03-19 20:50:00,0.2,20:50,2019-03-19
3887,SÃO PAULO,355030833A,SP,AC Central de SP,-46.635987,-23.543311,2019-03-19 21:00:00,0.39,21:00,2019-03-19
3888,SÃO PAULO,355030833A,SP,AC Central de SP,-46.635987,-23.543311,2019-03-19 21:10:00,0.59,21:10,2019-03-19
3889,SÃO PAULO,355030833A,SP,AC Central de SP,-46.635987,-23.543311,2019-03-19 21:20:00,0.59,21:20,2019-03-19
3890,SÃO PAULO,355030833A,SP,AC Central de SP,-46.635987,-23.543311,2019-03-19 21:30:00,0.39,21:30,2019-03-19
3891,SÃO PAULO,355030833A,SP,AC Central de SP,-46.635987,-23.543311,2019-03-19 21:40:00,0.59,21:40,2019-03-19
3892,SÃO PAULO,355030833A,SP,AC Central de SP,-46.635987,-23.543311,2019-03-19 21:50:00,0.39,21:50,2019-03-19
3893,SÃO PAULO,355030833A,SP,AC Central de SP,-46.635987,-23.543311,2019-03-19 22:00:00,0.39,22:00,2019-03-19
3894,SÃO PAULO,355030833A,SP,AC Central de SP,-46.635987,-23.543311,2019-03-19 22:10:00,0.39,22:10,2019-03-19
3895,SÃO PAULO,355030833A,SP,AC Central de SP,-46.635987,-23.543311,2019-03-19 22:20:00,0.39,22:20,2019-03-19
3896,SÃO PAULO,355030833A,SP,AC Central de SP,-46.635987,-23.543311,2019-03-19 22:30:00,0.2,22:30,2019-03-19
3897,SÃO PAULO,355030833A,SP,AC Central de SP,-46.635987,-23.543311,2019-03-19 22:40:00,0.39,22:40,2019-03-19
3898,SÃO PAULO,355030833A,SP,AC Central de SP,-46.635987,-23.543311,2019-03-19 22:50:00,0.2,22:50,2019-03-19
3899,SÃO PAULO,355030833A,SP,AC Central de SP,-46.635987,-23.543311,2019-03-19 23:00:00,0.39,23:00,2019-03-19
3900,SÃO PAULO,355030833A,SP,AC Central de SP,-46.635987,-23.543311,2019-03-19 23:10:00,0.2,23:10,2019-03-19
3901,SÃO PAULO,355030833A,SP,AC Central de SP,-46.635987,-23.543311,2019-03-19 23:20:00,0.39,23:20,2019-03-19
3902,SÃO PAULO,355030833A,SP,AC Central de SP,-46.635987,-23.543311,2019-03-19 23:30:00,0.2,23:30,2019-03-19
3903,SÃO PAULO,355030833A,SP,AC Central de SP,-46.635987,-23.543311,2019-03-19 23:40:00,0.39,23:40,2019-03-19
3904,SÃO PAULO,355030833A,SP,AC Central de SP,-46.635987,-23.543311,2019-03-19 23:50:00,0.2,23:50,2019-03-19
3905,SÃO PAULO,355030833A,SP,AC Central de SP,-46.635987,-23.543311,2019-03-20 00:00:00,0.2,00:00,2019-03-20
3906,SÃO PAULO,355030833A,SP,AC Central de SP,-46.635987,-23.543311,2019-03-20 00:10:00,0.39,00:10,2019-03-20
3907,SÃO PAULO,355030833A,SP,AC Central de SP,-46.635987,-23.543311,2019-03-20 00:20:00,0.2,00:20,2019-03-20
3908,SÃO PAULO,355030833A,SP,AC Central de SP,-46.635987,-23.543311,2019-03-20 00:30:00,0.2,00:30,2019-03-20
3909,SÃO PAULO,355030833A,SP,AC Central de SP,-46.635987,-23.543311,2019-03-20 00:40:00,0.2,00:40,2019-03-20
3910,SÃO PAULO,355030833A,SP,AC Central de SP,-46.635987,-23.543311,2019-03-20 00:50:00,0.39,00:50,2019-03-20
3911,SÃO PAULO,355030833A,SP,AC Central de SP,-46.635987,-23.543311,2019-03-20 01:00:00,0.2,01:00,2019-03-20
3912,SÃO PAULO,355030833A,SP,AC Central de SP,-46.635987,-23.543311,2019-03-20 01:10:00,0.2,01:10,2019-03-20
3913,SÃO PAULO,355030833A,SP,AC Central de SP,-46.635987,-23.543311,2019-03-20 01:20:00,0.2,01:20,2019-03-20
3914,SÃO PAULO,355030833A,SP,AC Central de SP,-46.635987,-23.543311,2019-03-20 01:30:00,0.2,01:30,2019-03-20
3915,SÃO PAULO,355030833A,SP,AC Central de SP,-46.635987,-23.543311,2019-03-20 01:40:00,0.39,01:40,2019-03-20
3916,SÃO PAULO,355030833A,SP,AC Central de SP,-46.635987,-23.543311,2019-03-20 01:50:00,0.2,01:50,2019-03-20
3917,SÃO PAULO,355030833A,SP,AC Central de SP,-46.635987,-23.543311,2019-03-20 02:00:00,0.2,02:00,2019-03-20
3918,SÃO PAULO,355030833A,SP,AC Central de SP,-46.635987,-23.543311,2019-03-20 02:10:00,0.2,02:10,2019-03-20
3919,SÃO PAULO,355030833A,SP,AC Central de SP,-46.635987,-23.543311,2019-03-20 02:20:00,0.2,02:20,2019-03-20
3920,SÃO PAULO,355030833A,SP,AC Central de SP,-46.635987,-23.543311,2019-03-20 02:40:00,0.2,02:40,2019-03-20
3921,SÃO PAULO,355030833A,SP,AC Central de SP,-46.635987,-23.543311,2019-03-20 02:50:00,0.2,02:50,2019-03-20
3922,SÃO PAULO,355030833A,SP,AC Central de SP,-46.635987,-23.543311,2019-03-20 03:00:00,0.2,03:00,2019-03-20
3923,SÃO PAULO,355030833A,SP,AC Central de SP,-46.635987,-23.543311,2019-03-20 03:10:00,0.2,03:10,2019-03-20
3924,SÃO PAULO,355030833A,SP,AC Central de SP,-46.635987,-23.543311,2019-03-20 03:20:00,0.2,03:20,2019-03-20
3925,SÃO PAULO,355030833A,SP,AC Central de SP,-46.635987,-23.543311,2019-03-20 03:30:00,0.2,03:30,2019-03-20
3926,SÃO PAULO,355030833A,SP,AC Central de SP,-46.635987,-23.543311,2019-03-20 03:40:00,0.2,03:40,2019-03-20
3927,SÃO PAULO,355030833A,SP,AC Central de SP,-46.635987,-23.543311,2019-03-20 03:50:00,0.2,03:50,2019-03-20
3928,SÃO PAULO,355030833A,SP,AC Central de SP,-46.635987,-23.543311,2019-03-20 04:00:00,0.2,04:00,2019-03-20
3929,SÃO PAULO,355030833A,SP,AC Central de SP,-46.635987,-23.543311,2019-03-20 04:10:00,0.2,04:10,2019-03-20
3930,SÃO PAULO,355030833A,SP,AC Central de SP,-46.635987,-23.543311,2019-03-20 04:30:00,0.2,04:30,2019-03-20
3931,SÃO PAULO,355030833A,SP,AC Central de SP,-46.635987,-23.543311,2019-03-20 04:40:00,0.2,04:40,2019-03-20
3932,SÃO PAULO,355030833A,SP,AC Central de SP,-46.635987,-23.543311,2019-03-20 04:50:00,0.2,04:50,2019-03-20
3933,SÃO PAULO,355030833A,SP,AC Central de SP,-46.635987,-23.543311,2019-03-20 05:00:00,0.2,05:00,2019-03-20
3934,SÃO PAULO,355030833A,SP,AC Central de SP,-46.635987,-23.543311,2019-03-20 05:20:00,0.2,05:20,2019-03-20
3935,SÃO PAULO,355030833A,SP,AC Central de SP,-46.635987,-23.543311,2019-03-20 05:30:00,0.2,05:30,2019-03-20
3936,SÃO PAULO,355030833A,SP,AC Central de SP,-46.635987,-23.543311,2019-03-20 05:40:00,0.2,05:40,2019-03-20
3937,SÃO PAULO,355030833A,SP,AC Central de SP,-46.635987,-23.543311,2019-03-20 05:50:00,0.2,05:50,2019-03-20
3938,SÃO PAULO,355030833A,SP,AC Central de SP,-46.635987,-23.543311,2019-03-20 06:00:00,0.2,06:00,2019-03-20
3939,SÃO PAULO,355030833A,SP,AC Central de SP,-46.635987,-23.543311,2019-03-20 06:20:00,0.2,06:20,2019-03-20
3940,SÃO PAULO,355030833A,SP,AC Central de SP,-46.635987,-23.543311,2019-03-20 06:30:00,0.2,06:30,2019-03-20
3941,SÃO PAULO,355030833A,SP,AC Central de SP,-46.635987,-23.543311,2019-03-20 06:40:00,0.2,06:40,2019-03-20
3942,SÃO PAULO,355030833A,SP,AC Central de SP,-46.635987,-23.543311,2019-03-20 06:50:00,0.2,06:50,2019-03-20
3943,SÃO PAULO,355030833A,SP,AC Central de SP,-46.635987,-23.543311,2019-03-20 07:00:00,0.2,07:00,2019-03-20
3944,SÃO PAULO,355030833A,SP,AC Central de SP,-46.635987,-23.543311,2019-03-20 07:10:00,0.2,07:10,2019-03-20
3945,SÃO PAULO,355030833A,SP,AC Central de SP,-46.635987,-23.543311,2019-03-20 07:20:00,0.2,07:20,2019-03-20
3946,SÃO PAULO,355030833A,SP,AC Central de SP,-46.635987,-23.543311,2019-03-20 07:30:00,0.2,07:30,2019-03-20
3947,SÃO PAULO,355030833A,SP,AC Central de SP,-46.635987,-23.543311,2019-03-20 07:40:00,0.2,07:40,2019-03-20
3948,SÃO PAULO,355030833A,SP,AC Central de SP,-46.635987,-23.543311,2019-03-20 07:50:00,0.2,07:50,2019-03-20
3949,SÃO PAULO,355030833A,SP,AC Central de SP,-46.635987,-23.543311,2019-03-20 08:00:00,0.2,08:00,2019-03-20
3950,SÃO PAULO,355030833A,SP,AC Central de SP,-46.635987,-23.543311,2019-03-20 08:10:00,0.2,08:10,2019-03-20
3951,SÃO PAULO,355030833A,SP,AC Central de SP,-46.635987,-23.543311,2019-03-20 08:20:00,0.2,08:20,2019-03-20
3952,SÃO PAULO,355030833A,SP,AC Central de SP,-46.635987,-23.543311,2019-03-20 08:30:00,0.2,08:30,2019-03-20
3953,SÃO PAULO,355030833A,SP,AC Central de SP,-46.635987,-23.543311,2019-03-20 08:50:00,0.2,08:50,2019-03-20
3954,SÃO PAULO,355030833A,SP,AC Central de SP,-46.635987,-23.543311,2019-03-20 09:00:00,0.2,09:00,2019-03-20
3955,SÃO PAULO,355030833A,SP,AC Central de SP,-46.635987,-23.543311,2019-03-20 09:10:00,0.2,09:10,2019-03-20
3956,SÃO PAULO,355030833A,SP,AC Central de SP,-46.635987,-23.543311,2019-03-20 09:30:00,0.2,09:30,2019-03-20
3957,SÃO PAULO,355030833A,SP,AC Central de SP,-46.635987,-23.543311,2019-03-20 09:40:00,0.2,09:40,2019-03-20
3958,SÃO PAULO,355030833A,SP,AC Central de SP,-46.635987,-23.543311,2019-03-20 09:50:00,0.2,09:50,2019-03-20
3959,SÃO PAULO,355030833A,SP,AC Central de SP,-46.635987,-23.543311,2019-03-20 10:00:00,0.2,10:00,2019-03-20
3960,SÃO PAULO,355030833A,SP,AC Central de SP,-46.635987,-23.543311,2019-03-20 10:20:00,0.2,10:20,2019-03-20
3961,SÃO PAULO,355030833A,SP,AC Central de SP,-46.635987,-23.543311,2019-03-20 10:30:00,0.2,10:30,2019-03-20
3962,SÃO PAULO,355030833A,SP,AC Central de SP,-46.635987,-23.543311,2019-03-20 10:40:00,0.2,10:40,2019-03-20
3963,SÃO PAULO,355030833A,SP,AC Central de SP,-46.635987,-23.543311,2019-03-20 10:50:00,0.0,10:50,2019-03-20
3964,SÃO PAULO,355030833A,SP,AC Central de SP,-46.635987,-23.543311,2019-03-20 11:00:00,0.2,11:00,2019-03-20
3965,SÃO PAULO,355030833A,SP,AC Central de SP,-46.635987,-23.543311,2019-03-20 11:10:00,0.2,11:10,2019-03-20
3966,SÃO PAULO,355030833A,SP,AC Central de SP,-46.635987,-23.543311,2019-03-20 11:30:00,0.2,11:30,2019-03-20
3967,SÃO PAULO,355030833A,SP,AC Central de SP,-46.635987,-23.543311,2019-03-20 11:50:00,0.2,11:50,2019-03-20
3968,SÃO PAULO,355030833A,SP,AC Central de SP,-46.635987,-23.543311,2019-03-20 12:00:00,0.2,12:00,2019-03-20
3969,SÃO PAULO,355030833A,SP,AC Central de SP,-46.635987,-23.543311,2019-03-20 12:20:00,0.2,12:20,2019-03-20
3970,SÃO PAULO,355030833A,SP,AC Central de SP,-46.635987,-23.543311,2019-03-20 12:40:00,0.2,12:40,2019-03-20
3971,SÃO PAULO,355030833A,SP,AC Central de SP,-46.635987,-23.543311,2019-03-20 12:50:00,0.2,12:50,2019-03-20
3972,SÃO PAULO,355030833A,SP,AC Central de SP,-46.635987,-23.543311,2019-03-20 13:20:00,0.2,13:20,2019-03-20
3973,SÃO PAULO,355030833A,SP,AC Central de SP,-46.635987,-23.543311,2019-03-20 13:40:00,0.2,13:40,2019-03-20
3974,SÃO PAULO,355030833A,SP,AC Central de SP,-46.635987,-23.543311,2019-03-20 13:50:00,0.0,13:50,2019-03-20
3975,SÃO PAULO,355030833A,SP,AC Central de SP,-46.635987,-23.543311,2019-03-20 14:00:00,0.2,14:00,2019-03-20
3976,SÃO PAULO,355030833A,SP,AC Central de SP,-46.635987,-23.543311,2019-03-20 14:30:00,0.2,14:30,2019-03-20
3977,SÃO PAULO,355030833A,SP,AC Central de SP,-46.635987,-23.543311,2019-03-20 14:50:00,0.0,14:50,2019-03-20
3978,SÃO PAULO,355030833A,SP,AC Central de SP,-46.635987,-23.543311,2019-03-20 15:00:00,0.2,15:00,2019-03-20
3979,SÃO PAULO,355030833A,SP,AC Central de SP,-46.635987,-23.543311,2019-03-20 15:40:00,0.2,15:40,2019-03-20
3980,SÃO PAULO,355030833A,SP,AC Central de SP,-46.635987,-23.543311,2019-03-20 15:50:00,0.0,15:50,2019-03-20
3981,SÃO PAULO,355030833A,SP,AC Central de SP,-46.635987,-23.543311,2019-03-20 16:50:00,0.0,16:50,2019-03-20
3982,SÃO PAULO,355030833A,SP,AC Central de SP,-46.635987,-23.543311,2019-03-20 17:50:00,0.0,17:50,2019-03-20
3983,SÃO PAULO,355030833A,SP,AC Central de SP,-46.635987,-23.543311,2019-03-20 18:50:00,0.0,18:50,2019-03-20
3984,SÃO PAULO,355030833A,SP,AC Central de SP,-46.635987,-23.543311,2019-03-20 19:50:00,0.0,19:50,2019-03-20
3985,SÃO PAULO,355030833A,SP,AC Central de SP,-46.635987,-23.543311,2019-03-20 20:50:00,0.0,20:50,2019-03-20
3986,SÃO PAULO,355030833A,SP,AC Central de SP,-46.635987,-23.543311,2019-03-20 21:50:00,0.0,21:50,2019-03-20
3987,SÃO PAULO,355030833A,SP,AC Central de SP,-46.635987,-23.543311,2019-03-20 22:50:00,0.0,22:50,2019-03-20
3988,SÃO PAULO,355030833A,SP,AC Central de SP,-46.635987,-23.543311,2019-03-20 23:50:00,0.0,23:50,2019-03-20
3989,SÃO PAULO,355030833A,SP,AC Central de SP,-46.635987,-23.543311,2019-03-21 00:50:00,0.0,00:50,2019-03-21
3990,SÃO PAULO,355030833A,SP,AC Central de SP,-46.635987,-23.543311,2019-03-21 01:50:00,0.0,01:50,2019-03-21
3991,SÃO PAULO,355030833A,SP,AC Central de SP,-46.635987,-23.543311,2019-03-21 02:50:00,0.0,02:50,2019-03-21
3992,SÃO PAULO,355030833A,SP,AC Central de SP,-46.635987,-23.543311,2019-03-21 03:50:00,0.0,03:50,2019-03-21
3993,SÃO PAULO,355030833A,SP,AC Central de SP,-46.635987,-23.543311,2019-03-21 04:50:00,0.0,04:50,2019-03-21
3994,SÃO PAULO,355030833A,SP,AC Central de SP,-46.635987,-23.543311,2019-03-21 05:30:00,0.2,05:30,2019-03-21
3995,SÃO PAULO,355030833A,SP,AC Central de SP,-46.635987,-23.543311,2019-03-21 05:50:00,0.0,05:50,2019-03-21
3996,SÃO PAULO,355030833A,SP,AC Central de SP,-46.635987,-23.543311,2019-03-21 06:00:00,0.2,06:00,2019-03-21
3997,SÃO PAULO,355030833A,SP,AC Central de SP,-46.635987,-23.543311,2019-03-21 06:10:00,0.2,06:10,2019-03-21
3998,SÃO PAULO,355030833A,SP,AC Central de SP,-46.635987,-23.543311,2019-03-21 06:30:00,0.2,06:30,2019-03-21
3999,SÃO PAULO,355030833A,SP,AC Central de SP,-46.635987,-23.543311,2019-03-21 06:50:00,0.2,06:50,2019-03-21
4000,SÃO PAULO,355030833A,SP,AC Central de SP,-46.635987,-23.543311,2019-03-21 07:10:00,0.2,07:10,2019-03-21
4001,SÃO PAULO,355030833A,SP,AC Central de SP,-46.635987,-23.543311,2019-03-21 07:30:00,0.2,07:30,2019-03-21
4002,SÃO PAULO,355030833A,SP,AC Central de SP,-46.635987,-23.543311,2019-03-21 07:50:00,0.0,07:50,2019-03-21
4003,SÃO PAULO,355030833A,SP,AC Central de SP,-46.635987,-23.543311,2019-03-21 08:00:00,0.2,08:00,2019-03-21
4004,SÃO PAULO,355030833A,SP,AC Central de SP,-46.635987,-23.543311,2019-03-21 08:10:00,0.2,08:10,2019-03-21
4005,SÃO PAULO,355030833A,SP,AC Central de SP,-46.635987,-23.543311,2019-03-21 08:20:00,0.2,08:20,2019-03-21
4006,SÃO PAULO,355030833A,SP,AC Central de SP,-46.635987,-23.543311,2019-03-21 08:30:00,0.39,08:30,2019-03-21
4007,SÃO PAULO,355030833A,SP,AC Central de SP,-46.635987,-23.543311,2019-03-21 08:40:00,0.2,08:40,2019-03-21
4008,SÃO PAULO,355030833A,SP,AC Central de SP,-46.635987,-23.543311,2019-03-21 08:50:00,0.2,08:50,2019-03-21
4009,SÃO PAULO,355030833A,SP,AC Central de SP,-46.635987,-23.543311,2019-03-21 09:00:00,0.2,09:00,2019-03-21
4010,SÃO PAULO,355030833A,SP,AC Central de SP,-46.635987,-23.543311,2019-03-21 09:10:00,0.2,09:10,2019-03-21
4011,SÃO PAULO,355030833A,SP,AC Central de SP,-46.635987,-23.543311,2019-03-21 09:20:00,0.2,09:20,2019-03-21
4012,SÃO PAULO,355030833A,SP,AC Central de SP,-46.635987,-23.543311,2019-03-21 09:30:00,0.39,09:30,2019-03-21
4013,SÃO PAULO,355030833A,SP,AC Central de SP,-46.635987,-23.543311,2019-03-21 09:40:00,0.2,09:40,2019-03-21
4014,SÃO PAULO,355030833A,SP,AC Central de SP,-46.635987,-23.543311,2019-03-21 09:50:00,0.2,09:50,2019-03-21
4015,SÃO PAULO,355030833A,SP,AC Central de SP,-46.635987,-23.543311,2019-03-21 10:00:00,0.2,10:00,2019-03-21
4016,SÃO PAULO,355030833A,SP,AC Central de SP,-46.635987,-23.543311,2019-03-21 10:10:00,0.2,10:10,2019-03-21
4017,SÃO PAULO,355030833A,SP,AC Central de SP,-46.635987,-23.543311,2019-03-21 10:30:00,0.2,10:30,2019-03-21
4018,SÃO PAULO,355030833A,SP,AC Central de SP,-46.635987,-23.543311,2019-03-21 10:40:00,0.2,10:40,2019-03-21
4019,SÃO PAULO,355030833A,SP,AC Central de SP,-46.635987,-23.543311,2019-03-21 10:50:00,0.0,10:50,2019-03-21
4020,SÃO PAULO,355030833A,SP,AC Central de SP,-46.635987,-23.543311,2019-03-21 11:00:00,0.2,11:00,2019-03-21
4021,SÃO PAULO,355030833A,SP,AC Central de SP,-46.635987,-23.543311,2019-03-21 11:10:00,0.2,11:10,2019-03-21
4022,SÃO PAULO,355030833A,SP,AC Central de SP,-46.635987,-23.543311,2019-03-21 11:30:00,0.2,11:30,2019-03-21
4023,SÃO PAULO,355030833A,SP,AC Central de SP,-46.635987,-23.543311,2019-03-21 11:50:00,0.2,11:50,2019-03-21
4024,SÃO PAULO,355030833A,SP,AC Central de SP,-46.635987,-23.543311,2019-03-21 12:10:00,0.2,12:10,2019-03-21
4025,SÃO PAULO,355030833A,SP,AC Central de SP,-46.635987,-23.543311,2019-03-21 12:30:00,0.2,12:30,2019-03-21
4026,SÃO PAULO,355030833A,SP,AC Central de SP,-46.635987,-23.543311,2019-03-21 12:50:00,0.2,12:50,2019-03-21
4027,SÃO PAULO,355030833A,SP,AC Central de SP,-46.635987,-23.543311,2019-03-21 13:20:00,0.2,13:20,2019-03-21
4028,SÃO PAULO,355030833A,SP,AC Central de SP,-46.635987,-23.543311,2019-03-21 13:50:00,0.0,13:50,2019-03-21
4029,SÃO PAULO,355030833A,SP,AC Central de SP,-46.635987,-23.543311,2019-03-21 14:00:00,0.2,14:00,2019-03-21
4030,SÃO PAULO,355030833A,SP,AC Central de SP,-46.635987,-23.543311,2019-03-21 14:50:00,0.0,14:50,2019-03-21
4031,SÃO PAULO,355030833A,SP,AC Central de SP,-46.635987,-23.543311,2019-03-21 15:30:00,0.2,15:30,2019-03-21
4032,SÃO PAULO,355030833A,SP,AC Central de SP,-46.635987,-23.543311,2019-03-21 15:50:00,0.0,15:50,2019-03-21
4033,SÃO PAULO,355030833A,SP,AC Central de SP,-46.635987,-23.543311,2019-03-21 16:00:00,0.2,16:00,2019-03-21
4034,SÃO PAULO,355030833A,SP,AC Central de SP,-46.635987,-23.543311,2019-03-21 16:50:00,0.0,16:50,2019-03-21
4035,SÃO PAULO,355030833A,SP,AC Central de SP,-46.635987,-23.543311,2019-03-21 17:00:00,0.2,17:00,2019-03-21
4036,SÃO PAULO,355030833A,SP,AC Central de SP,-46.635987,-23.543311,2019-03-21 17:50:00,0.0,17:50,2019-03-21
4037,SÃO PAULO,355030833A,SP,AC Central de SP,-46.635987,-23.543311,2019-03-21 18:00:00,0.2,18:00,2019-03-21
4038,SÃO PAULO,355030833A,SP,AC Central de SP,-46.635987,-23.543311,2019-03-21 18:40:00,0.2,18:40,2019-03-21
4039,SÃO PAULO,355030833A,SP,AC Central de SP,-46.635987,-23.543311,2019-03-21 19:00:00,0.0,19:00,2019-03-21
4040,SÃO PAULO,355030833A,SP,AC Central de SP,-46.635987,-23.543311,2019-03-21 19:20:00,0.2,19:20,2019-03-21
4041,SÃO PAULO,355030833A,SP,AC Central de SP,-46.635987,-23.543311,2019-03-21 19:40:00,0.2,19:40,2019-03-21
4042,SÃO PAULO,355030833A,SP,AC Central de SP,-46.635987,-23.543311,2019-03-21 19:50:00,0.0,19:50,2019-03-21
4043,SÃO PAULO,355030833A,SP,AC Central de SP,-46.635987,-23.543311,2019-03-21 20:10:00,0.2,20:10,2019-03-21
4044,SÃO PAULO,355030833A,SP,AC Central de SP,-46.635987,-23.543311,2019-03-21 20:40:00,0.2,20:40,2019-03-21
4045,SÃO PAULO,355030833A,SP,AC Central de SP,-46.635987,-23.543311,2019-03-21 20:50:00,0.0,20:50,2019-03-21
4046,SÃO PAULO,355030833A,SP,AC Central de SP,-46.635987,-23.543311,2019-03-21 21:20:00,0.2,21:20,2019-03-21
4047,SÃO PAULO,355030833A,SP,AC Central de SP,-46.635987,-23.543311,2019-03-21 21:50:00,0.0,21:50,2019-03-21
4048,SÃO PAULO,355030833A,SP,AC Central de SP,-46.635987,-23.543311,2019-03-21 22:00:00,0.2,22:00,2019-03-21
4049,SÃO PAULO,355030833A,SP,AC Central de SP,-46.635987,-23.543311,2019-03-21 22:40:00,0.2,22:40,2019-03-21
4050,SÃO PAULO,355030833A,SP,AC Central de SP,-46.635987,-23.543311,2019-03-21 22:50:00,0.0,22:50,2019-03-21
4051,SÃO PAULO,355030833A,SP,AC Central de SP,-46.635987,-23.543311,2019-03-21 23:50:00,0.0,23:50,2019-03-21
4052,SÃO PAULO,355030833A,SP,AC Central de SP,-46.635987,-23.543311,2019-03-22 00:10:00,0.2,00:10,2019-03-22
4053,SÃO PAULO,355030833A,SP,AC Central de SP,-46.635987,-23.543311,2019-03-22 00:50:00,0.0,00:50,2019-03-22
4054,SÃO PAULO,355030833A,SP,AC Central de SP,-46.635987,-23.543311,2019-03-22 01:50:00,0.0,01:50,2019-03-22
4055,SÃO PAULO,355030833A,SP,AC Central de SP,-46.635987,-23.543311,2019-03-22 02:50:00,0.0,02:50,2019-03-22
4056,SÃO PAULO,355030833A,SP,AC Central de SP,-46.635987,-23.543311,2019-03-22 03:50:00,0.0,03:50,2019-03-22
4057,SÃO PAULO,355030833A,SP,AC Central de SP,-46.635987,-23.543311,2019-03-22 04:50:00,0.0,04:50,2019-03-22
4058,SÃO PAULO,355030833A,SP,AC Central de SP,-46.635987,-23.543311,2019-03-22 05:50:00,0.0,05:50,2019-03-22
4059,SÃO PAULO,355030833A,SP,AC Central de SP,-46.635987,-23.543311,2019-03-22 06:50:00,0.0,06:50,2019-03-22
4060,SÃO PAULO,355030833A,SP,AC Central de SP,-46.635987,-23.543311,2019-03-22 07:50:00,0.0,07:50,2019-03-22
4061,SÃO PAULO,355030833A,SP,AC Central de SP,-46.635987,-23.543311,2019-03-22 08:50:00,0.0,08:50,2019-03-22
4062,SÃO PAULO,355030833A,SP,AC Central de SP,-46.635987,-23.543311,2019-03-22 09:50:00,0.0,09:50,2019-03-22
4063,SÃO PAULO,355030833A,SP,AC Central de SP,-46.635987,-23.543311,2019-03-22 10:50:00,0.0,10:50,2019-03-22
4064,SÃO PAULO,355030833A,SP,AC Central de SP,-46.635987,-23.543311,2019-03-22 11:50:00,0.0,11:50,2019-03-22
4065,SÃO PAULO,355030833A,SP,AC Central de SP,-46.635987,-23.543311,2019-03-22 12:50:00,0.0,12:50,2019-03-22
4066,SÃO PAULO,355030833A,SP,AC Central de SP,-46.635987,-23.543311,2019-03-22 13:50:00,0.0,13:50,2019-03-22
4067,SÃO PAULO,355030833A,SP,AC Central de SP,-46.635987,-23.543311,2019-03-22 14:50:00,0.0,14:50,2019-03-22
4068,SÃO PAULO,355030833A,SP,AC Central de SP,-46.635987,-23.543311,2019-03-22 15:50:00,0.0,15:50,2019-03-22
4069,SÃO PAULO,355030833A,SP,AC Central de SP,-46.635987,-23.543311,2019-03-22 16:50:00,0.0,16:50,2019-03-22
4070,SÃO PAULO,355030833A,SP,AC Central de SP,-46.635987,-23.543311,2019-03-22 17:50:00,0.0,17:50,2019-03-22
4071,SÃO PAULO,355030833A,SP,AC Central de SP,-46.635987,-23.543311,2019-03-22 18:50:00,0.0,18:50,2019-03-22
4072,SÃO PAULO,355030833A,SP,AC Central de SP,-46.635987,-23.543311,2019-03-22 19:50:00,0.0,19:50,2019-03-22
4073,SÃO PAULO,355030833A,SP,AC Central de SP,-46.635987,-23.543311,2019-03-22 20:50:00,0.0,20:50,2019-03-22
4074,SÃO PAULO,355030833A,SP,AC Central de SP,-46.635987,-23.543311,2019-03-22 21:50:00,0.0,21:50,2019-03-22
4075,SÃO PAULO,355030833A,SP,AC Central de SP,-46.635987,-23.543311,2019-03-22 22:50:00,0.0,22:50,2019-03-22
4076,SÃO PAULO,355030833A,SP,AC Central de SP,-46.635987,-23.543311,2019-03-22 23:50:00,0.0,23:50,2019-03-22
4077,SÃO PAULO,355030833A,SP,AC Central de SP,-46.635987,-23.543311,2019-03-23 00:50:00,0.0,00:50,2019-03-23
4078,SÃO PAULO,355030833A,SP,AC Central de SP,-46.635987,-23.543311,2019-03-23 01:50:00,0.0,01:50,2019-03-23
4079,SÃO PAULO,355030833A,SP,AC Central de SP,-46.635987,-23.543311,2019-03-23 02:50:00,0.0,02:50,2019-03-23
4080,SÃO PAULO,355030833A,SP,AC Central de SP,-46.635987,-23.543311,2019-03-23 03:50:00,0.0,03:50,2019-03-23
4081,SÃO PAULO,355030833A,SP,AC Central de SP,-46.635987,-23.543311,2019-03-23 04:50:00,0.0,04:50,2019-03-23
4082,SÃO PAULO,355030833A,SP,AC Central de SP,-46.635987,-23.543311,2019-03-23 05:50:00,0.0,05:50,2019-03-23
4083,SÃO PAULO,355030833A,SP,AC Central de SP,-46.635987,-23.543311,2019-03-23 06:50:00,0.0,06:50,2019-03-23
4084,SÃO PAULO,355030833A,SP,AC Central de SP,-46.635987,-23.543311,2019-03-23 07:50:00,0.0,07:50,2019-03-23
4085,SÃO PAULO,355030833A,SP,AC Central de SP,-46.635987,-23.543311,2019-03-23 08:50:00,0.0,08:50,2019-03-23
4086,SÃO PAULO,355030833A,SP,AC Central de SP,-46.635987,-23.543311,2019-03-23 09:50:00,0.0,09:50,2019-03-23
4087,SÃO PAULO,355030833A,SP,AC Central de SP,-46.635987,-23.543311,2019-03-23 10:50:00,0.0,10:50,2019-03-23
4088,SÃO PAULO,355030833A,SP,AC Central de SP,-46.635987,-23.543311,2019-03-23 11:50:00,0.0,11:50,2019-03-23
4089,SÃO PAULO,355030833A,SP,AC Central de SP,-46.635987,-23.543311,2019-03-23 12:50:00,0.0,12:50,2019-03-23
4090,SÃO PAULO,355030833A,SP,AC Central de SP,-46.635987,-23.543311,2019-03-23 13:50:00,0.0,13:50,2019-03-23
4091,SÃO PAULO,355030833A,SP,AC Central de SP,-46.635987,-23.543311,2019-03-23 14:50:00,0.0,14:50,2019-03-23
4092,SÃO PAULO,355030833A,SP,AC Central de SP,-46.635987,-23.543311,2019-03-23 15:50:00,0.0,15:50,2019-03-23
4093,SÃO PAULO,355030833A,SP,AC Central de SP,-46.635987,-23.543311,2019-03-23 16:50:00,0.0,16:50,2019-03-23
4094,SÃO PAULO,355030833A,SP,AC Central de SP,-46.635987,-23.543311,2019-03-23 17:50:00,0.0,17:50,2019-03-23
4095,SÃO PAULO,355030833A,SP,AC Central de SP,-46.635987,-23.543311,2019-03-23 18:50:00,0.0,18:50,2019-03-23
4096,SÃO PAULO,355030833A,SP,AC Central de SP,-46.635987,-23.543311,2019-03-23 19:50:00,0.0,19:50,2019-03-23
4097,SÃO PAULO,355030833A,SP,AC Central de SP,-46.635987,-23.543311,2019-03-23 20:50:00,0.0,20:50,2019-03-23
4098,SÃO PAULO,355030833A,SP,AC Central de SP,-46.635987,-23.543311,2019-03-23 21:50:00,0.0,21:50,2019-03-23
4099,SÃO PAULO,355030833A,SP,AC Central de SP,-46.635987,-23.543311,2019-03-23 22:50:00,0.0,22:50,2019-03-23
4100,SÃO PAULO,355030833A,SP,AC Central de SP,-46.635987,-23.543311,2019-03-23 23:50:00,0.0,23:50,2019-03-23
4101,SÃO PAULO,355030833A,SP,AC Central de SP,-46.635987,-23.543311,2019-03-24 00:50:00,0.0,00:50,2019-03-24
4102,SÃO PAULO,355030833A,SP,AC Central de SP,-46.635987,-23.543311,2019-03-24 01:50:00,0.0,01:50,2019-03-24
4103,SÃO PAULO,355030833A,SP,AC Central de SP,-46.635987,-23.543311,2019-03-24 02:50:00,0.0,02:50,2019-03-24
4104,SÃO PAULO,355030833A,SP,AC Central de SP,-46.635987,-23.543311,2019-03-24 03:50:00,0.0,03:50,2019-03-24
4105,SÃO PAULO,355030833A,SP,AC Central de SP,-46.635987,-23.543311,2019-03-24 04:50:00,0.0,04:50,2019-03-24
4106,SÃO PAULO,355030833A,SP,AC Central de SP,-46.635987,-23.543311,2019-03-24 05:50:00,0.0,05:50,2019-03-24
4107,SÃO PAULO,355030833A,SP,AC Central de SP,-46.635987,-23.543311,2019-03-24 06:50:00,0.0,06:50,2019-03-24
4108,SÃO PAULO,355030833A,SP,AC Central de SP,-46.635987,-23.543311,2019-03-24 07:50:00,0.0,07:50,2019-03-24
4109,SÃO PAULO,355030833A,SP,AC Central de SP,-46.635987,-23.543311,2019-03-24 08:50:00,0.0,08:50,2019-03-24
4110,SÃO PAULO,355030833A,SP,AC Central de SP,-46.635987,-23.543311,2019-03-24 09:50:00,0.0,09:50,2019-03-24
4111,SÃO PAULO,355030833A,SP,AC Central de SP,-46.635987,-23.543311,2019-03-24 10:50:00,0.0,10:50,2019-03-24
4112,SÃO PAULO,355030833A,SP,AC Central de SP,-46.635987,-23.543311,2019-03-24 11:50:00,0.0,11:50,2019-03-24
4113,SÃO PAULO,355030833A,SP,AC Central de SP,-46.635987,-23.543311,2019-03-24 12:50:00,0.0,12:50,2019-03-24
4114,SÃO PAULO,355030833A,SP,AC Central de SP,-46.635987,-23.543311,2019-03-24 13:50:00,0.0,13:50,2019-03-24
4115,SÃO PAULO,355030833A,SP,AC Central de SP,-46.635987,-23.543311,2019-03-24 14:50:00,0.0,14:50,2019-03-24
4116,SÃO PAULO,355030833A,SP,AC Central de SP,-46.635987,-23.543311,2019-03-24 15:50:00,0.0,15:50,2019-03-24
4117,SÃO PAULO,355030833A,SP,AC Central de SP,-46.635987,-23.543311,2019-03-24 16:50:00,0.0,16:50,2019-03-24
4118,SÃO PAULO,355030833A,SP,AC Central de SP,-46.635987,-23.543311,2019-03-24 17:50:00,0.0,17:50,2019-03-24
4119,SÃO PAULO,355030833A,SP,AC Central de SP,-46.635987,-23.543311,2019-03-24 18:50:00,0.0,18:50,2019-03-24
4120,SÃO PAULO,355030833A,SP,AC Central de SP,-46.635987,-23.543311,2019-03-24 19:50:00,0.0,19:50,2019-03-24
4121,SÃO PAULO,355030833A,SP,AC Central de SP,-46.635987,-23.543311,2019-03-24 20:50:00,0.0,20:50,2019-03-24
4122,SÃO PAULO,355030833A,SP,AC Central de SP,-46.635987,-23.543311,2019-03-24 21:50:00,0.0,21:50,2019-03-24
4123,SÃO PAULO,355030833A,SP,AC Central de SP,-46.635987,-23.543311,2019-03-24 22:50:00,0.0,22:50,2019-03-24
4124,SÃO PAULO,355030833A,SP,AC Central de SP,-46.635987,-23.543311,2019-03-24 23:50:00,0.0,23:50,2019-03-24
4125,SÃO PAULO,355030833A,SP,AC Central de SP,-46.635987,-23.543311,2019-03-25 00:50:00,0.0,00:50,2019-03-25
4126,SÃO PAULO,355030833A,SP,AC Central de SP,-46.635987,-23.543311,2019-03-25 01:50:00,0.0,01:50,2019-03-25
4127,SÃO PAULO,355030833A,SP,AC Central de SP,-46.635987,-23.543311,2019-03-25 02:50:00,0.0,02:50,2019-03-25
4128,SÃO PAULO,355030833A,SP,AC Central de SP,-46.635987,-23.543311,2019-03-25 03:50:00,0.0,03:50,2019-03-25
4129,SÃO PAULO,355030833A,SP,AC Central de SP,-46.635987,-23.543311,2019-03-25 04:50:00,0.0,04:50,2019-03-25
4130,SÃO PAULO,355030833A,SP,AC Central de SP,-46.635987,-23.543311,2019-03-25 05:50:00,0.0,05:50,2019-03-25
4131,SÃO PAULO,355030833A,SP,AC Central de SP,-46.635987,-23.543311,2019-03-25 06:50:00,0.0,06:50,2019-03-25
4132,SÃO PAULO,355030833A,SP,AC Central de SP,-46.635987,-23.543311,2019-03-25 07:50:00,0.0,07:50,2019-03-25
4133,SÃO PAULO,355030833A,SP,AC Central de SP,-46.635987,-23.543311,2019-03-25 08:50:00,0.0,08:50,2019-03-25
4134,SÃO PAULO,355030833A,SP,AC Central de SP,-46.635987,-23.543311,2019-03-25 09:50:00,0.0,09:50,2019-03-25
4135,SÃO PAULO,355030833A,SP,AC Central de SP,-46.635987,-23.543311,2019-03-25 10:50:00,0.0,10:50,2019-03-25
4136,SÃO PAULO,355030833A,SP,AC Central de SP,-46.635987,-23.543311,2019-03-25 11:50:00,0.0,11:50,2019-03-25
4137,SÃO PAULO,355030833A,SP,AC Central de SP,-46.635987,-23.543311,2019-03-25 12:50:00,0.0,12:50,2019-03-25
4138,SÃO PAULO,355030833A,SP,AC Central de SP,-46.635987,-23.543311,2019-03-25 13:50:00,0.0,13:50,2019-03-25
4139,SÃO PAULO,355030833A,SP,AC Central de SP,-46.635987,-23.543311,2019-03-25 14:50:00,0.0,14:50,2019-03-25
4140,SÃO PAULO,355030833A,SP,AC Central de SP,-46.635987,-23.543311,2019-03-25 15:50:00,0.0,15:50,2019-03-25
4141,SÃO PAULO,355030833A,SP,AC Central de SP,-46.635987,-23.543311,2019-03-25 16:50:00,0.0,16:50,2019-03-25
4142,SÃO PAULO,355030833A,SP,AC Central de SP,-46.635987,-23.543311,2019-03-25 17:50:00,0.0,17:50,2019-03-25
4143,SÃO PAULO,355030833A,SP,AC Central de SP,-46.635987,-23.543311,2019-03-25 18:50:00,0.0,18:50,2019-03-25
4144,SÃO PAULO,355030833A,SP,AC Central de SP,-46.635987,-23.543311,2019-03-25 19:50:00,0.0,19:50,2019-03-25
4145,SÃO PAULO,355030833A,SP,AC Central de SP,-46.635987,-23.543311,2019-03-25 20:50:00,0.0,20:50,2019-03-25
4146,SÃO PAULO,355030833A,SP,AC Central de SP,-46.635987,-23.543311,2019-03-25 21:50:00,0.0,21:50,2019-03-25
4147,SÃO PAULO,355030833A,SP,AC Central de SP,-46.635987,-23.543311,2019-03-25 22:50:00,0.0,22:50,2019-03-25
4148,SÃO PAULO,355030833A,SP,AC Central de SP,-46.635987,-23.543311,2019-03-25 23:50:00,0.0,23:50,2019-03-25
4149,SÃO PAULO,355030833A,SP,AC Central de SP,-46.635987,-23.543311,2019-03-26 00:50:00,0.0,00:50,2019-03-26
4150,SÃO PAULO,355030833A,SP,AC Central de SP,-46.635987,-23.543311,2019-03-26 01:50:00,0.0,01:50,2019-03-26
4151,SÃO PAULO,355030833A,SP,AC Central de SP,-46.635987,-23.543311,2019-03-26 02:50:00,0.0,02:50,2019-03-26
4152,SÃO PAULO,355030833A,SP,AC Central de SP,-46.635987,-23.543311,2019-03-26 03:50:00,0.0,03:50,2019-03-26
4153,SÃO PAULO,355030833A,SP,AC Central de SP,-46.635987,-23.543311,2019-03-26 04:50:00,0.0,04:50,2019-03-26
4154,SÃO PAULO,355030833A,SP,AC Central de SP,-46.635987,-23.543311,2019-03-26 05:50:00,0.0,05:50,2019-03-26
4155,SÃO PAULO,355030833A,SP,AC Central de SP,-46.635987,-23.543311,2019-03-26 06:50:00,0.0,06:50,2019-03-26
4156,SÃO PAULO,355030833A,SP,AC Central de SP,-46.635987,-23.543311,2019-03-26 07:50:00,0.0,07:50,2019-03-26
4157,SÃO PAULO,355030833A,SP,AC Central de SP,-46.635987,-23.543311,2019-03-26 08:50:00,0.0,08:50,2019-03-26
4158,SÃO PAULO,355030833A,SP,AC Central de SP,-46.635987,-23.543311,2019-03-26 09:50:00,0.0,09:50,2019-03-26
4159,SÃO PAULO,355030833A,SP,AC Central de SP,-46.635987,-23.543311,2019-03-26 10:50:00,0.0,10:50,2019-03-26
4160,SÃO PAULO,355030833A,SP,AC Central de SP,-46.635987,-23.543311,2019-03-26 11:50:00,0.0,11:50,2019-03-26
4161,SÃO PAULO,355030833A,SP,AC Central de SP,-46.635987,-23.543311,2019-03-26 12:50:00,0.0,12:50,2019-03-26
4162,SÃO PAULO,355030833A,SP,AC Central de SP,-46.635987,-23.543311,2019-03-26 13:50:00,0.0,13:50,2019-03-26
4163,SÃO PAULO,355030833A,SP,AC Central de SP,-46.635987,-23.543311,2019-03-26 14:50:00,0.0,14:50,2019-03-26
4164,SÃO PAULO,355030833A,SP,AC Central de SP,-46.635987,-23.543311,2019-03-26 15:50:00,0.0,15:50,2019-03-26
4165,SÃO PAULO,355030833A,SP,AC Central de SP,-46.635987,-23.543311,2019-03-26 16:50:00,0.0,16:50,2019-03-26
4166,SÃO PAULO,355030833A,SP,AC Central de SP,-46.635987,-23.543311,2019-03-26 17:50:00,0.0,17:50,2019-03-26
4167,SÃO PAULO,355030833A,SP,AC Central de SP,-46.635987,-23.543311,2019-03-26 18:50:00,0.0,18:50,2019-03-26
4168,SÃO PAULO,355030833A,SP,AC Central de SP,-46.635987,-23.543311,2019-03-26 19:50:00,0.0,19:50,2019-03-26
4169,SÃO PAULO,355030833A,SP,AC Central de SP,-46.635987,-23.543311,2019-03-26 20:50:00,0.0,20:50,2019-03-26
4170,SÃO PAULO,355030833A,SP,AC Central de SP,-46.635987,-23.543311,2019-03-26 21:50:00,0.0,21:50,2019-03-26
4171,SÃO PAULO,355030833A,SP,AC Central de SP,-46.635987,-23.543311,2019-03-26 22:50:00,0.0,22:50,2019-03-26
4172,SÃO PAULO,355030833A,SP,AC Central de SP,-46.635987,-23.543311,2019-03-26 23:50:00,0.0,23:50,2019-03-26
4173,SÃO PAULO,355030833A,SP,AC Central de SP,-46.635987,-23.543311,2019-03-27 00:50:00,0.0,00:50,2019-03-27
4174,SÃO PAULO,355030833A,SP,AC Central de SP,-46.635987,-23.543311,2019-03-27 01:50:00,0.0,01:50,2019-03-27
4175,SÃO PAULO,355030833A,SP,AC Central de SP,-46.635987,-23.543311,2019-03-27 02:50:00,0.0,02:50,2019-03-27
4176,SÃO PAULO,355030833A,SP,AC Central de SP,-46.635987,-23.543311,2019-03-27 03:50:00,0.0,03:50,2019-03-27
4177,SÃO PAULO,355030833A,SP,AC Central de SP,-46.635987,-23.543311,2019-03-27 04:50:00,0.0,04:50,2019-03-27
4178,SÃO PAULO,355030833A,SP,AC Central de SP,-46.635987,-23.543311,2019-03-27 05:50:00,0.0,05:50,2019-03-27
4179,SÃO PAULO,355030833A,SP,AC Central de SP,-46.635987,-23.543311,2019-03-27 06:50:00,0.0,06:50,2019-03-27
4180,SÃO PAULO,355030833A,SP,AC Central de SP,-46.635987,-23.543311,2019-03-27 07:50:00,0.0,07:50,2019-03-27
4181,SÃO PAULO,355030833A,SP,AC Central de SP,-46.635987,-23.543311,2019-03-27 08:50:00,0.0,08:50,2019-03-27
4182,SÃO PAULO,355030833A,SP,AC Central de SP,-46.635987,-23.543311,2019-03-27 09:50:00,0.0,09:50,2019-03-27
4183,SÃO PAULO,355030833A,SP,AC Central de SP,-46.635987,-23.543311,2019-03-27 10:50:00,0.0,10:50,2019-03-27
4184,SÃO PAULO,355030833A,SP,AC Central de SP,-46.635987,-23.543311,2019-03-27 11:50:00,0.0,11:50,2019-03-27
4185,SÃO PAULO,355030833A,SP,AC Central de SP,-46.635987,-23.543311,2019-03-27 12:50:00,0.0,12:50,2019-03-27
4186,SÃO PAULO,355030833A,SP,AC Central de SP,-46.635987,-23.543311,2019-03-27 13:50:00,0.0,13:50,2019-03-27
4187,SÃO PAULO,355030833A,SP,AC Central de SP,-46.635987,-23.543311,2019-03-27 14:50:00,0.0,14:50,2019-03-27
4188,SÃO PAULO,355030833A,SP,AC Central de SP,-46.635987,-23.543311,2019-03-27 15:50:00,0.0,15:50,2019-03-27
4189,SÃO PAULO,355030833A,SP,AC Central de SP,-46.635987,-23.543311,2019-03-27 16:50:00,0.0,16:50,2019-03-27
4190,SÃO PAULO,355030833A,SP,AC Central de SP,-46.635987,-23.543311,2019-03-27 17:50:00,0.0,17:50,2019-03-27
4191,SÃO PAULO,355030833A,SP,AC Central de SP,-46.635987,-23.543311,2019-03-27 18:50:00,0.0,18:50,2019-03-27
4192,SÃO PAULO,355030833A,SP,AC Central de SP,-46.635987,-23.543311,2019-03-27 19:50:00,0.0,19:50,2019-03-27
4193,SÃO PAULO,355030833A,SP,AC Central de SP,-46.635987,-23.543311,2019-03-27 20:50:00,0.0,20:50,2019-03-27
4194,SÃO PAULO,355030833A,SP,AC Central de SP,-46.635987,-23.543311,2019-03-27 21:50:00,0.0,21:50,2019-03-27
4195,SÃO PAULO,355030833A,SP,AC Central de SP,-46.635987,-23.543311,2019-03-27 22:50:00,0.0,22:50,2019-03-27
4196,SÃO PAULO,355030833A,SP,AC Central de SP,-46.635987,-23.543311,2019-03-27 23:50:00,0.0,23:50,2019-03-27
4197,SÃO PAULO,355030833A,SP,AC Central de SP,-46.635987,-23.543311,2019-03-28 00:50:00,0.0,00:50,2019-03-28
4198,SÃO PAULO,355030833A,SP,AC Central de SP,-46.635987,-23.543311,2019-03-28 01:50:00,0.0,01:50,2019-03-28
4199,SÃO PAULO,355030833A,SP,AC Central de SP,-46.635987,-23.543311,2019-03-28 02:50:00,0.0,02:50,2019-03-28
4200,SÃO PAULO,355030833A,SP,AC Central de SP,-46.635987,-23.543311,2019-03-28 03:50:00,0.0,03:50,2019-03-28
4201,SÃO PAULO,355030833A,SP,AC Central de SP,-46.635987,-23.543311,2019-03-28 04:50:00,0.0,04:50,2019-03-28
4202,SÃO PAULO,355030833A,SP,AC Central de SP,-46.635987,-23.543311,2019-03-28 05:50:00,0.0,05:50,2019-03-28
4203,SÃO PAULO,355030833A,SP,AC Central de SP,-46.635987,-23.543311,2019-03-28 06:50:00,0.0,06:50,2019-03-28
4204,SÃO PAULO,355030833A,SP,AC Central de SP,-46.635987,-23.543311,2019-03-28 07:50:00,0.0,07:50,2019-03-28
4205,SÃO PAULO,355030833A,SP,AC Central de SP,-46.635987,-23.543311,2019-03-28 08:50:00,0.0,08:50,2019-03-28
4206,SÃO PAULO,355030833A,SP,AC Central de SP,-46.635987,-23.543311,2019-03-28 09:50:00,0.0,09:50,2019-03-28
4207,SÃO PAULO,355030833A,SP,AC Central de SP,-46.635987,-23.543311,2019-03-28 10:50:00,0.0,10:50,2019-03-28
4208,SÃO PAULO,355030833A,SP,AC Central de SP,-46.635987,-23.543311,2019-03-28 11:50:00,0.0,11:50,2019-03-28
4209,SÃO PAULO,355030833A,SP,AC Central de SP,-46.635987,-23.543311,2019-03-28 12:50:00,0.0,12:50,2019-03-28
4210,SÃO PAULO,355030833A,SP,AC Central de SP,-46.635987,-23.543311,2019-03-28 13:50:00,0.0,13:50,2019-03-28
4211,SÃO PAULO,355030833A,SP,AC Central de SP,-46.635987,-23.543311,2019-03-28 14:50:00,0.0,14:50,2019-03-28
4212,SÃO PAULO,355030833A,SP,AC Central de SP,-46.635987,-23.543311,2019-03-28 15:50:00,0.0,15:50,2019-03-28
4213,SÃO PAULO,355030833A,SP,AC Central de SP,-46.635987,-23.543311,2019-03-28 16:50:00,0.0,16:50,2019-03-28
4214,SÃO PAULO,355030833A,SP,AC Central de SP,-46.635987,-23.543311,2019-03-28 17:50:00,0.0,17:50,2019-03-28
4215,SÃO PAULO,355030833A,SP,AC Central de SP,-46.635987,-23.543311,2019-03-28 18:50:00,0.0,18:50,2019-03-28
4216,SÃO PAULO,355030833A,SP,AC Central de SP,-46.635987,-23.543311,2019-03-28 19:50:00,0.0,19:50,2019-03-28
4217,SÃO PAULO,355030833A,SP,AC Central de SP,-46.635987,-23.543311,2019-03-28 20:50:00,0.0,20:50,2019-03-28
4218,SÃO PAULO,355030833A,SP,AC Central de SP,-46.635987,-23.543311,2019-03-28 21:50:00,0.0,21:50,2019-03-28
4219,SÃO PAULO,355030833A,SP,AC Central de SP,-46.635987,-23.543311,2019-03-28 22:50:00,0.0,22:50,2019-03-28
4220,SÃO PAULO,355030833A,SP,AC Central de SP,-46.635987,-23.543311,2019-03-28 23:50:00,0.0,23:50,2019-03-28
4221,SÃO PAULO,355030833A,SP,AC Central de SP,-46.635987,-23.543311,2019-03-29 00:50:00,0.0,00:50,2019-03-29
4222,SÃO PAULO,355030833A,SP,AC Central de SP,-46.635987,-23.543311,2019-03-29 01:50:00,0.0,01:50,2019-03-29
4223,SÃO PAULO,355030833A,SP,AC Central de SP,-46.635987,-23.543311,2019-03-29 02:50:00,0.0,02:50,2019-03-29
4224,SÃO PAULO,355030833A,SP,AC Central de SP,-46.635987,-23.543311,2019-03-29 03:50:00,0.0,03:50,2019-03-29
4225,SÃO PAULO,355030833A,SP,AC Central de SP,-46.635987,-23.543311,2019-03-29 04:50:00,0.0,04:50,2019-03-29
4226,SÃO PAULO,355030833A,SP,AC Central de SP,-46.635987,-23.543311,2019-03-29 05:50:00,0.0,05:50,2019-03-29
4227,SÃO PAULO,355030833A,SP,AC Central de SP,-46.635987,-23.543311,2019-03-29 06:50:00,0.0,06:50,2019-03-29
4228,SÃO PAULO,355030833A,SP,AC Central de SP,-46.635987,-23.543311,2019-03-29 07:50:00,0.0,07:50,2019-03-29
4229,SÃO PAULO,355030833A,SP,AC Central de SP,-46.635987,-23.543311,2019-03-29 08:50:00,0.0,08:50,2019-03-29
4230,SÃO PAULO,355030833A,SP,AC Central de SP,-46.635987,-23.543311,2019-03-29 09:50:00,0.0,09:50,2019-03-29
4231,SÃO PAULO,355030833A,SP,AC Central de SP,-46.635987,-23.543311,2019-03-29 10:50:00,0.0,10:50,2019-03-29
4232,SÃO PAULO,355030833A,SP,AC Central de SP,-46.635987,-23.543311,2019-03-29 11:50:00,0.0,11:50,2019-03-29
4233,SÃO PAULO,355030833A,SP,AC Central de SP,-46.635987,-23.543311,2019-03-29 12:50:00,0.0,12:50,2019-03-29
4234,SÃO PAULO,355030833A,SP,AC Central de SP,-46.635987,-23.543311,2019-03-29 13:50:00,0.0,13:50,2019-03-29
4235,SÃO PAULO,355030833A,SP,AC Central de SP,-46.635987,-23.543311,2019-03-29 14:50:00,0.0,14:50,2019-03-29
4236,SÃO PAULO,355030833A,SP,AC Central de SP,-46.635987,-23.543311,2019-03-29 15:50:00,0.0,15:50,2019-03-29
4237,SÃO PAULO,355030833A,SP,AC Central de SP,-46.635987,-23.543311,2019-03-29 16:50:00,0.0,16:50,2019-03-29
4238,SÃO PAULO,355030833A,SP,AC Central de SP,-46.635987,-23.543311,2019-03-29 17:50:00,0.0,17:50,2019-03-29
4239,SÃO PAULO,355030833A,SP,AC Central de SP,-46.635987,-23.543311,2019-03-29 18:50:00,0.0,18:50,2019-03-29
4240,SÃO PAULO,355030833A,SP,AC Central de SP,-46.635987,-23.543311,2019-03-29 19:50:00,0.0,19:50,2019-03-29
4241,SÃO PAULO,355030833A,SP,AC Central de SP,-46.635987,-23.543311,2019-03-29 20:50:00,0.0,20:50,2019-03-29
4242,SÃO PAULO,355030833A,SP,AC Central de SP,-46.635987,-23.543311,2019-03-29 21:50:00,0.0,21:50,2019-03-29
4243,SÃO PAULO,355030833A,SP,AC Central de SP,-46.635987,-23.543311,2019-03-29 22:50:00,0.0,22:50,2019-03-29
4244,SÃO PAULO,355030833A,SP,AC Central de SP,-46.635987,-23.543311,2019-03-29 23:50:00,0.0,23:50,2019-03-29
4245,SÃO PAULO,355030833A,SP,AC Central de SP,-46.635987,-23.543311,2019-03-30 00:50:00,0.0,00:50,2019-03-30
4246,SÃO PAULO,355030833A,SP,AC Central de SP,-46.635987,-23.543311,2019-03-30 01:50:00,0.0,01:50,2019-03-30
4247,SÃO PAULO,355030833A,SP,AC Central de SP,-46.635987,-23.543311,2019-03-30 02:50:00,0.0,02:50,2019-03-30
4248,SÃO PAULO,355030833A,SP,AC Central de SP,-46.635987,-23.543311,2019-03-30 03:50:00,0.0,03:50,2019-03-30
4249,SÃO PAULO,355030833A,SP,AC Central de SP,-46.635987,-23.543311,2019-03-30 04:50:00,0.0,04:50,2019-03-30
4250,SÃO PAULO,355030833A,SP,AC Central de SP,-46.635987,-23.543311,2019-03-30 05:50:00,0.0,05:50,2019-03-30
4251,SÃO PAULO,355030833A,SP,AC Central de SP,-46.635987,-23.543311,2019-03-30 06:50:00,0.0,06:50,2019-03-30
4252,SÃO PAULO,355030833A,SP,AC Central de SP,-46.635987,-23.543311,2019-03-30 07:50:00,0.0,07:50,2019-03-30
4253,SÃO PAULO,355030833A,SP,AC Central de SP,-46.635987,-23.543311,2019-03-30 08:50:00,0.0,08:50,2019-03-30
4254,SÃO PAULO,355030833A,SP,AC Central de SP,-46.635987,-23.543311,2019-03-30 09:50:00,0.0,09:50,2019-03-30
4255,SÃO PAULO,355030833A,SP,AC Central de SP,-46.635987,-23.543311,2019-03-30 10:50:00,0.0,10:50,2019-03-30
4256,SÃO PAULO,355030833A,SP,AC Central de SP,-46.635987,-23.543311,2019-03-30 11:50:00,0.0,11:50,2019-03-30
4257,SÃO PAULO,355030833A,SP,AC Central de SP,-46.635987,-23.543311,2019-03-30 12:50:00,0.0,12:50,2019-03-30
4258,SÃO PAULO,355030833A,SP,AC Central de SP,-46.635987,-23.543311,2019-03-30 13:50:00,0.0,13:50,2019-03-30
4259,SÃO PAULO,355030833A,SP,AC Central de SP,-46.635987,-23.543311,2019-03-30 14:50:00,0.0,14:50,2019-03-30
4260,SÃO PAULO,355030833A,SP,AC Central de SP,-46.635987,-23.543311,2019-03-30 15:50:00,0.0,15:50,2019-03-30
4261,SÃO PAULO,355030833A,SP,AC Central de SP,-46.635987,-23.543311,2019-03-30 16:50:00,0.0,16:50,2019-03-30
4262,SÃO PAULO,355030833A,SP,AC Central de SP,-46.635987,-23.543311,2019-03-30 17:50:00,0.0,17:50,2019-03-30
4263,SÃO PAULO,355030833A,SP,AC Central de SP,-46.635987,-23.543311,2019-03-30 18:50:00,0.0,18:50,2019-03-30
4264,SÃO PAULO,355030833A,SP,AC Central de SP,-46.635987,-23.543311,2019-03-30 19:50:00,0.0,19:50,2019-03-30
4265,SÃO PAULO,355030833A,SP,AC Central de SP,-46.635987,-23.543311,2019-03-30 20:50:00,0.0,20:50,2019-03-30
4266,SÃO PAULO,355030833A,SP,AC Central de SP,-46.635987,-23.543311,2019-03-30 21:50:00,0.0,21:50,2019-03-30
4267,SÃO PAULO,355030833A,SP,AC Central de SP,-46.635987,-23.543311,2019-03-30 22:50:00,0.0,22:50,2019-03-30
4268,SÃO PAULO,355030833A,SP,AC Central de SP,-46.635987,-23.543311,2019-03-30 23:50:00,0.0,23:50,2019-03-30
4269,SÃO PAULO,355030833A,SP,AC Central de SP,-46.635987,-23.543311,2019-03-31 00:50:00,0.0,00:50,2019-03-31
4270,SÃO PAULO,355030833A,SP,AC Central de SP,-46.635987,-23.543311,2019-03-31 01:50:00,0.0,01:50,2019-03-31
4271,SÃO PAULO,355030833A,SP,AC Central de SP,-46.635987,-23.543311,2019-03-31 02:50:00,0.0,02:50,2019-03-31
4272,SÃO PAULO,355030833A,SP,AC Central de SP,-46.635987,-23.543311,2019-03-31 03:50:00,0.0,03:50,2019-03-31
4273,SÃO PAULO,355030833A,SP,AC Central de SP,-46.635987,-23.543311,2019-03-31 04:50:00,0.0,04:50,2019-03-31
4274,SÃO PAULO,355030833A,SP,AC Central de SP,-46.635987,-23.543311,2019-03-31 05:50:00,0.0,05:50,2019-03-31
4275,SÃO PAULO,355030833A,SP,AC Central de SP,-46.635987,-23.543311,2019-03-31 06:50:00,0.0,06:50,2019-03-31
4276,SÃO PAULO,355030833A,SP,AC Central de SP,-46.635987,-23.543311,2019-03-31 07:50:00,0.0,07:50,2019-03-31
4277,SÃO PAULO,355030833A,SP,AC Central de SP,-46.635987,-23.543311,2019-03-31 08:50:00,0.0,08:50,2019-03-31
4278,SÃO PAULO,355030833A,SP,AC Central de SP,-46.635987,-23.543311,2019-03-31 09:50:00,0.0,09:50,2019-03-31
4279,SÃO PAULO,355030833A,SP,AC Central de SP,-46.635987,-23.543311,2019-03-31 10:50:00,0.0,10:50,2019-03-31
4280,SÃO PAULO,355030833A,SP,AC Central de SP,-46.635987,-23.543311,2019-03-31 11:50:00,0.0,11:50,2019-03-31
4281,SÃO PAULO,355030833A,SP,AC Central de SP,-46.635987,-23.543311,2019-03-31 12:50:00,0.0,12:50,2019-03-31
4282,SÃO PAULO,355030833A,SP,AC Central de SP,-46.635987,-23.543311,2019-03-31 13:50:00,0.0,13:50,2019-03-31
4283,SÃO PAULO,355030833A,SP,AC Central de SP,-46.635987,-23.543311,2019-03-31 14:50:00,0.0,14:50,2019-03-31
4284,SÃO PAULO,355030833A,SP,AC Central de SP,-46.635987,-23.543311,2019-03-31 15:50:00,0.0,15:50,2019-03-31
4285,SÃO PAULO,355030833A,SP,AC Central de SP,-46.635987,-23.543311,2019-03-31 16:50:00,0.0,16:50,2019-03-31
4286,SÃO PAULO,355030833A,SP,AC Central de SP,-46.635987,-23.543311,2019-03-31 17:50:00,0.0,17:50,2019-03-31
4287,SÃO PAULO,355030833A,SP,AC Central de SP,-46.635987,-23.543311,2019-03-31 18:50:00,0.0,18:50,2019-03-31
4288,SÃO PAULO,355030833A,SP,AC Central de SP,-46.635987,-23.543311,2019-03-31 19:50:00,0.0,19:50,2019-03-31
4289,SÃO PAULO,355030833A,SP,AC Central de SP,-46.635987,-23.543311,2019-03-31 20:50:00,0.0,20:50,2019-03-31
4290,SÃO PAULO,355030833A,SP,AC Central de SP,-46.635987,-23.543311,2019-03-31 21:50:00,0.0,21:50,2019-03-31
4291,SÃO PAULO,355030833A,SP,AC Central de SP,-46.635987,-23.543311,2019-03-31 22:50:00,0.0,22:50,2019-03-31
4292,SÃO PAULO,355030833A,SP,AC Central de SP,-46.635987,-23.543311,2019-03-31 23:50:00,0.0,23:50,2019-03-31
